$wmc,$dit,$noc,$cbo,$rfc,$lcom,$ca,$ce,$npm,$lcom3,$loc,$dam,$moa,$mfa,$cam,$ic,$cbm,$amc,$max_cc,$avg_cc,$<bug,=klass
1,1,0,5,1,0,5,0,0,2,136,0,0,0,0,0,0,119,0,0,0,0,0
1,1,0,4,1,0,4,0,0,2,111,0,0,0,0,0,0,88,0,0,0,0,0
1,1,0,3,1,0,3,0,0,2,111,0,0,0,0,0,0,88,0,0,0,0,0
1,1,0,7,1,0,6,1,0,2,62,0,0,0,0,0,0,60,0,0,0,0,0
0,1,0,11,0,0,10,1,0,2,0,0,0,0,0,0,0,0,0,0,0,0,0
1,1,0,3,1,0,3,0,0,2,36,0,0,0,0,0,0,28,0,0,0,0,0
1,1,0,3,1,0,3,0,0,2,36,0,0,0,0,0,0,28,0,0,0,0,0
0,1,0,6,0,0,5,1,0,2,188,0,0,0,0,0,0,0,0,0,0,0,0
0,1,0,5,0,0,5,0,0,2,14,0,0,0,0,0,0,0,0,0,0,0,0
0,1,0,5,0,0,5,0,0,2,0,0,0,0,0,0,0,0,0,0,0,0,0
0,1,0,5,0,0,5,0,0,2,0,0,0,0,0,0,0,0,0,0,0,0,0
0,1,0,5,0,0,4,1,0,2,0,0,0,0,0,0,0,0,0,0,0,1,0
0,1,0,5,0,0,4,1,0,2,0,0,0,0,0,0,0,0,0,0,0,1,0
1,1,0,1,2,0,1,0,0,2,27,0,0,0,0,0,0,10,0,0,0,1,0
0,1,0,2,0,0,2,0,0,2,0,0,0,0,0,0,0,0,0,0,0,1,0
0,1,0,2,0,0,2,0,0,2,0,0,0,0,0,0,0,0,0,0,0,1,0
0,1,0,1,0,0,1,0,0,2,14,0,0,0,0,0,0,0,0,0,0,1,0
0,1,0,1,0,0,1,0,0,2,0,0,0,0,0,0,0,0,0,0,0,1,0
5,1,0,8,10,10,8,0,5,2,85,0,0,0,0.2,0,0,16,5,3,0,1,0
5,1,0,5,7,10,1,4,5,2,30,0,0,0,0.25,0,0,5,1,0.8,0,1,0
5,1,0,5,7,10,1,4,5,2,30,0,0,0,0.25,0,0,5,1,0.8,0,1,0
8,1,0,1,8,28,0,1,8,2,8,0,0,0,0.28125,0,0,0,1,1,0,1,0
8,1,0,1,8,28,0,1,8,2,8,0,0,0,0.28125,0,0,0,1,1,0,1,0
3,1,0,6,6,3,0,6,3,2,41,0,0,0,0.444444444,0,0,12.66666667,6,2.3333,2,2,2
12,1,0,1,12,66,1,0,12,2,12,0,0,0,0.444444444,0,0,0,1,1,1,2,1
3,1,0,6,23,3,2,4,3,2,141,0,0,0,0.333333333,0,0,46,1,0.6667,1,2,1
6,1,2,7,7,15,3,4,6,2,12,0,0,0,0.361111111,0,0,1,1,0.8333,1,2,1
12,1,0,1,12,66,1,0,12,2,12,0,0,0,0.444444444,0,0,0,1,1,0,2,0
7,1,0,4,19,21,0,4,7,2,158,0,0,0,0.380952381,0,0,21.57142857,6,2.5714,0,2,0
4,1,0,2,4,6,2,0,4,2,4,0,0,0,0.4,0,0,0,1,1,0,2,0
15,1,0,2,15,105,1,1,15,2,15,0,0,0,0.413333333,0,0,0,1,1,0,2,0
4,1,0,5,21,6,1,4,3,2,153,0,0,0,0.4,0,0,37.25,1,0.75,0,2,0
9,1,0,3,20,36,0,3,9,2,204,0,0,0,0.333333333,0,0,21.66666667,4,2.6667,0,2,0
9,1,0,3,20,36,0,3,9,2,204,0,0,0,0.333333333,0,0,21.66666667,4,2.6667,0,2,0
4,1,0,6,23,6,2,4,3,2,157,0,0,0,0.4,0,0,38.25,1,0.75,0,2,0
19,1,0,1,19,171,1,0,19,2,19,0,0,0,0.381578947,0,0,0,1,1,0,3,0
9,1,0,3,9,36,2,1,9,2,9,0,0,0,0.333333333,0,0,0,1,1,0,3,0
5,1,0,6,5,10,6,0,5,2,5,0,0,0,0.333333333,0,0,0,1,1,0,3,0
5,1,0,6,5,10,6,0,5,2,5,0,0,0,0.333333333,0,0,0,1,1,0,3,0
9,1,0,8,9,36,7,1,9,2,9,0,0,0,0.333333333,0,0,0,1,1,0,3,0
7,1,2,8,8,21,3,5,7,2,13,0,0,0,0.306122449,0,0,0.857142857,1,0.8571,0,3,0
9,1,0,11,9,36,10,1,9,2,9,0,0,0,0.333333333,0,0,0,1,1,0,3,0
14,1,0,4,14,91,4,0,14,2,14,0,0,0,0.273809524,0,0,0,1,1,0,3,0
9,1,0,20,9,36,16,4,9,2,9,0,0,0,0.296296296,0,0,0,1,1,0,3,0
9,1,0,20,9,36,16,4,9,2,9,0,0,0,0.296296296,0,0,0,1,1,0,3,0
9,2,1,20,10,36,19,6,1,2,28,0,0,0.6,0.314814815,0,0,2.111111111,1,0.8889,0,3,0
9,2,1,21,10,36,20,6,1,2,28,0,0,0.6,0.314814815,0,0,2.111111111,1,0.8889,0,3,0
7,2,0,4,23,21,1,3,7,2,258,0,0,0.25,0.5,0,0,35.85714286,6,3.5714,1,4,1
2,1,0,1,23,1,1,0,2,2,145,0,0,0,0.5,0,0,71.5,8,4,2,4,2
5,1,0,2,18,10,0,2,5,2,198,0,0,0,0.6,0,0,38.6,4,2,2,4,2
2,1,0,1,22,1,1,0,2,2,145,0,0,0,0.5,0,0,71.5,8,4,0,4,0
3,1,0,13,19,3,1,13,3,2,207,0,0,0,0.444444444,0,0,68,11,5.3333,0,4,0
3,1,0,13,19,3,1,13,3,2,207,0,0,0,0.444444444,0,0,68,11,5.3333,0,4,0
3,1,0,10,46,3,0,10,3,2,257,0,0,0,0.466666667,0,0,84.66666667,1,0.6667,1,4,1
4,1,0,14,23,6,12,2,4,2,295,0,0,0,0.5,0,0,72.75,6,2,1,4,1
2,1,0,7,24,1,3,4,2,2,109,0,0,0,0.5,0,0,53.5,1,0.5,1,4,1
3,1,0,3,7,3,3,0,3,2,33,0,0,0,0.555555556,0,0,10,3,1.6667,0,4,0
4,1,0,6,4,6,4,2,4,2,4,0,0,0,0.5,0,0,0,1,1,1,4,1
3,1,0,8,3,3,5,3,3,2,3,0,0,0,0.5,0,0,0,1,1,1,4,1
3,1,0,6,6,3,0,6,3,2,41,0,0,0,0.444444444,0,0,12.66666667,6,2.3333,0,5,0
10,1,0,6,21,45,1,5,10,2,116,0,0,0,0.5,0,0,10.6,1,0.9,0,5,0
10,1,0,6,21,45,1,5,10,2,116,0,0,0,0.5,0,0,10.6,1,0.9,0,5,0
3,1,0,11,46,3,0,11,3,2,261,0,0,0,0.466666667,0,0,86,1,0.6667,0,5,0
4,1,0,4,4,6,4,1,4,2,4,0,0,0,0.55,0,0,0,1,1,0,5,0
2,1,0,4,5,1,0,4,1,2,15,0,0,0,0.5,0,0,6.5,1,0.5,0,5,0
4,1,0,6,4,6,4,2,4,2,4,0,0,0,0.5,0,0,0,1,1,0,5,0
3,1,0,8,3,3,5,3,3,2,3,0,0,0,0.5,0,0,0,1,1,0,5,0
6,1,0,18,6,15,16,3,6,2,6,0,0,0,0.5,0,0,0,1,1,1,5,1
7,1,0,17,7,21,15,3,7,2,7,0,0,0,0.476190476,0,0,0,1,1,0,5,0
5,1,1,17,6,10,15,2,5,2,8,0,0,0,0.4,0,0,0.6,1,0.8,0,5,0
5,1,2,22,6,10,20,2,5,2,8,0,0,0,0.4,0,0,0.6,1,0.8,0,5,0
4,1,0,67,4,6,67,0,4,2,4,0,0,0,0.583333333,0,0,0,1,1,0,6,0
5,1,0,44,5,10,44,0,5,2,5,0,0,0,0.6,0,0,0,1,1,0,6,0
5,1,0,41,5,10,41,0,5,2,5,0,0,0,0.6,0,0,0,1,1,0,6,0
2,1,0,55,2,1,54,1,2,2,2,0,0,0,0.75,0,0,0,1,1,0,6,0
2,1,0,53,2,1,53,1,2,2,2,0,0,0,0.75,0,0,0,1,1,0,6,0
4,1,0,6,4,6,6,1,4,2,4,0,0,0,0.625,0,0,0,1,1,0,6,0
4,1,0,6,4,6,6,1,4,2,4,0,0,0,0.625,0,0,0,1,1,0,6,0
3,1,0,0,3,3,0,0,3,2,3,0,0,0,0.611111111,0,0,0,1,1,0,6,0
3,1,0,0,3,3,0,0,3,2,3,0,0,0,0.611111111,0,0,0,1,1,0,6,0
2,1,0,4,2,1,4,0,2,2,2,0,0,0,0.666666667,0,0,0,1,1,0,6,0
3,1,0,4,3,3,4,0,3,2,3,0,0,0,0.666666667,0,0,0,1,1,1,6,1
2,1,0,3,2,1,3,0,2,2,10,0,0,0,0.666666667,0,0,0,1,1,0,6,0
2,1,0,3,2,1,3,0,2,2,10,0,0,0,0.666666667,0,0,0,1,1,0,7,0
3,1,4,5,14,3,4,1,1,2,62,0,0,0,0.5,0,0,19.66666667,4,1.6667,0,7,0
2,1,0,2,2,1,2,0,2,2,2,0,0,0,0.666666667,0,0,0,1,1,0,7,0
2,1,0,2,2,1,1,1,2,2,2,0,0,0,0.666666667,0,0,0,1,1,0,7,0
2,1,0,2,2,1,1,1,2,2,2,0,0,0,0.666666667,0,0,0,1,1,0,7,0
2,1,0,1,3,1,0,1,2,2,7,0,0,0,0.75,0,0,2.5,1,0.5,0,7,0
3,1,6,8,4,3,7,1,0,2,6,0,0,0,0.555555556,0,0,1,1,0.6667,0,7,0
3,1,6,8,4,3,7,1,0,2,6,0,0,0,0.555555556,0,0,1,1,0.6667,0,7,0
2,1,1,3,4,1,3,0,2,2,9,0,0,0,0.75,0,0,3.5,1,0.5,0,7,0
3,1,3,3,4,3,3,0,3,2,10,0,0,0,0.666666667,0,0,2.333333333,1,0.6667,0,7,0
5,1,12,31,6,10,31,0,5,2,19,0,0,0,0.9,0,0,2.8,1,0.8,0,7,0
5,1,12,28,6,10,28,0,5,2,19,0,0,0,0.9,0,0,2.8,1,0.8,0,7,0
1,1,0,27,1,0,26,1,1,2,4,0,0,0,1,0,0,0,1,1,0,8,0
1,1,0,26,1,0,24,2,1,2,1,0,0,0,1,0,0,0,1,1,0,8,0
1,1,0,15,1,0,14,1,1,2,4,0,0,0,1,0,0,0,1,1,0,8,0
1,1,0,9,1,0,9,1,1,2,1,0,0,0,1,0,0,0,1,1,0,8,0
1,1,0,8,1,0,8,0,1,2,1,0,0,0,1,0,0,0,1,1,0,8,0
1,1,0,8,1,0,8,0,1,2,1,0,0,0,1,0,0,0,1,1,0,8,0
1,1,0,8,1,0,8,0,1,2,1,0,0,0,1,0,0,0,1,1,0,8,0
1,1,0,6,1,0,6,0,1,2,1,0,0,0,1,0,0,0,1,1,0,8,0
1,1,0,6,1,0,6,1,1,2,1,0,0,0,1,0,0,0,1,1,0,8,0
1,1,0,6,1,0,6,1,1,2,1,0,0,0,1,0,0,0,1,1,0,8,0
2,1,0,6,2,1,6,0,2,2,17,0,0,0,1,0,0,0,1,1,0,8,0
2,1,0,6,2,1,6,1,2,2,2,0,0,0,1,0,0,0,1,1,0,9,0
1,1,0,5,1,0,5,1,1,2,1,0,0,0,1,0,0,0,1,1,0,9,0
1,1,0,6,1,0,4,2,1,2,1,0,0,0,1,0,0,0,1,1,0,9,0
2,1,0,5,2,1,5,0,2,2,17,0,0,0,1,0,0,0,1,1,0,9,0
1,1,0,5,1,0,3,2,1,2,1,0,0,0,1,0,0,0,1,1,0,9,0
1,1,0,4,1,0,3,1,1,2,1,0,0,0,1,0,0,0,1,1,0,9,0
1,1,0,4,1,0,3,1,1,2,1,0,0,0,1,0,0,0,1,1,0,9,0
1,1,0,3,1,0,3,0,1,2,1,0,0,0,1,0,0,0,1,1,0,9,0
1,1,0,4,1,0,2,2,1,2,1,0,0,0,1,0,0,0,1,1,0,9,0
1,1,0,4,1,0,2,2,1,2,1,0,0,0,1,0,0,0,1,1,0,9,0
7,1,0,6,7,21,3,3,7,2,7,0,0,0,1,0,0,0,1,1,0,9,0
7,1,0,4,7,21,2,2,7,2,7,0,0,0,1,0,0,0,1,1,0,9,0
2,1,0,7,2,1,7,1,2,2,2,0,0,0,1,0,0,0,1,1,1,10,1
1,1,0,6,1,0,4,2,1,2,1,0,0,0,1,0,0,0,1,1,1,10,1
1,1,0,5,1,0,3,2,1,2,1,0,0,0,1,0,0,0,1,1,1,10,1
1,1,0,4,1,0,2,2,1,2,1,0,0,0,1,0,0,0,1,1,1,10,1
1,1,0,4,1,0,2,2,1,2,1,0,0,0,1,0,0,0,1,1,1,10,1
1,1,1,1,2,0,1,0,1,2,26,0,0,0,1,0,0,3,0,0,1,10,1
1,1,0,1,2,0,1,0,1,2,12,0,0,0,1,0,0,9,0,0,1,10,1
1,1,0,3,1,0,3,0,1,2,1,0,0,0,1,0,0,0,1,1,0,10,0
1,1,0,3,1,0,3,0,1,2,1,0,0,0,1,0,0,0,1,1,0,10,0
1,1,0,3,1,0,1,2,1,2,1,0,0,0,1,0,0,0,1,1,0,10,0
1,1,0,3,1,0,1,2,1,2,1,0,0,0,1,0,0,0,1,1,0,10,0
1,1,0,3,1,0,1,2,1,2,1,0,0,0,1,0,0,0,1,1,0,10,0
1,1,0,2,1,0,2,0,1,2,1,0,0,0,1,0,0,0,1,1,0,11,0
1,1,0,2,1,0,2,0,1,2,1,0,0,0,1,0,0,0,1,1,0,11,0
1,1,0,2,1,0,1,1,1,2,1,0,0,0,1,0,0,0,1,1,0,11,0
1,1,0,2,1,0,1,1,1,2,1,0,0,0,1,0,0,0,1,1,0,11,0
1,1,0,1,1,0,1,0,1,2,1,0,0,0,1,0,0,0,1,1,0,11,0
1,1,0,1,1,0,1,0,1,2,1,0,0,0,1,0,0,0,1,1,0,11,0
1,1,0,1,1,0,1,0,1,2,1,0,0,0,1,0,0,0,1,1,0,11,0
1,1,0,1,1,0,0,1,1,2,1,0,0,0,1,0,0,0,1,1,0,11,0
1,1,0,1,1,0,0,1,1,2,1,0,0,0,1,0,0,0,1,1,0,11,0
1,1,0,1,1,0,0,1,1,2,1,0,0,0,1,0,0,0,1,1,0,11,0
1,1,0,1,2,0,1,0,1,2,12,0,0,0,1,0,0,9,0,0,0,11,0
1,1,0,1,2,0,1,0,1,2,12,0,0,0,1,0,0,9,0,0,0,11,0
1,1,0,0,2,0,0,0,1,2,4,0,0,0,1,0,0,3,0,0,0,12,0
1,1,0,0,2,0,0,0,1,2,4,0,0,0,1,0,0,3,0,0,0,12,0
1,1,0,0,2,0,0,0,1,2,5,0,0,0,1,0,0,3,0,0,0,12,0
1,1,0,0,2,0,0,0,1,2,5,0,0,0,1,0,0,3,0,0,0,12,0
1,1,0,0,2,0,0,0,1,2,8,0,0,0,1,0,0,3,0,0,0,12,0
1,1,0,0,2,0,0,0,1,2,9,0,0,0,1,0,0,3,0,0,0,12,0
1,1,0,0,2,0,0,0,1,2,10,0,0,0,1,0,0,3,0,0,0,12,0
1,1,0,0,2,0,0,0,1,2,10,0,0,0,1,0,0,3,0,0,0,12,0
2,1,0,0,3,1,0,0,1,2,7,0,0,0,1,0,0,2.5,1,0.5,0,12,0
1,1,0,0,1,0,0,0,1,2,1,0,0,0,1,0,0,0,1,1,0,12,0
1,1,0,0,1,0,0,0,1,2,1,0,0,0,1,0,0,0,1,1,0,12,0
1,1,0,0,1,0,0,0,1,2,1,0,0,0,1,0,0,0,1,1,0,12,0
1,1,0,0,1,0,0,0,1,2,1,0,0,0,1,0,0,0,1,1,0,13,0
1,1,0,0,1,0,0,0,1,2,1,0,0,0,1,0,0,0,1,1,0,13,0
1,1,0,1,1,0,0,1,1,2,1,0,0,0,1,0,0,0,1,1,0,13,0
1,1,0,0,1,0,0,0,1,2,2,0,0,0,1,0,0,0,1,1,0,13,0
1,1,0,0,1,0,0,0,1,2,2,0,0,0,1,0,0,0,1,1,0,13,0
2,1,0,0,3,1,0,0,1,2,7,0,0,0,1,0,0,2.5,1,0.5,1,13,1
1,1,0,0,1,0,0,0,1,2,1,0,0,0,1,0,0,0,1,1,1,13,1
2,1,0,1,3,1,0,1,2,2,7,0,0,0,0.75,0,0,2.5,1,0.5,0,13,0
2,1,0,1,4,1,1,0,2,2,9,0,0,0,0.75,0,0,3.5,1,0.5,0,13,0
4,1,0,2,8,0,1,1,0,1.269230769,80,0,1,0,0.833333333,0,0,12.5,3,1.75,0,13,0
4,1,0,0,10,0,0,0,0,1.266666667,90,0,0,0,0.833333333,0,0,15.25,4,2,0,13,0
4,1,0,0,10,0,0,0,0,1.266666667,90,0,0,0,0.833333333,0,0,15.25,4,2,1,13,1
4,1,0,2,8,0,1,1,0,1.269230769,80,0,1,0,0.833333333,0,0,12.5,3,1.75,0,14,0
6,1,0,4,6,15,4,0,6,1.2,18,0,0,0,0.533333333,0,0,0,1,1,0,14,0
9,1,0,0,9,36,0,0,9,1.125,19,0,0,0,0.555555556,0,0,0,1,1,0,14,0
9,1,0,0,9,36,0,0,9,1.125,19,0,0,0,0.555555556,0,0,0,1,1,0,14,0
10,1,0,26,10,45,26,0,10,1.111111111,11,0,0,0,0.55,0,0,0,1,1,0,14,0
5,1,0,5,6,0,4,1,5,1,92,0,1,0,0.666666667,0,0,13.8,0,0,0,14,0
5,1,0,4,17,8,3,1,5,1,108,0,0,0,0.6,0,0,20.2,12,3,0,14,0
10,1,0,1,10,45,1,0,10,1.111111111,11,0,0,0,0.4,0,0,0,1,1,0,14,0
3,1,0,2,9,1,2,0,2,1,67,0,0,0,0.5,0,0,19,1,0.3333,0,14,0
3,1,0,2,9,1,2,0,2,1,67,0,0,0,0.5,0,0,19,1,0.3333,1,14,1
9,1,0,3,24,0,2,2,0,0.892857143,353,0,1,0,0.62962963,0,0,37.44444444,3,1.4444,0,14,0
9,1,0,3,24,0,2,2,0,0.892857143,353,0,1,0,0.62962963,0,0,37.44444444,3,1.4444,0,14,0
3,1,0,2,8,0,2,1,3,0.75,100,0,1,0,0.666666667,0,0,31.66666667,4,2.3333,0,15,0
3,1,0,2,8,0,2,1,3,0.75,100,0,1,0,0.666666667,0,0,31.66666667,4,2.3333,1,15,1
6,1,0,4,17,0,3,1,6,0.7,183,0,0,0,0.722222222,0,0,28.5,7,1.8333,0,15,0
6,1,0,4,17,0,3,1,6,0.7,183,0,0,0,0.722222222,0,0,28.5,7,1.8333,1,15,1
5,1,0,4,6,0,4,1,5,0.6875,82,0,1,0,0.666666667,0,0,13.8,0,0,1,15,1
3,1,0,1,4,0,1,0,3,0.642857143,55,0,0,0,0.666666667,0,0,15,0,0,0,15,0
3,1,0,1,4,0,1,0,3,0.642857143,55,0,0,0,0.666666667,0,0,15,0,0,1,15,1
4,1,0,2,9,4,1,1,3,0.666666667,29,0,0,0,0.555555556,0,0,5.75,2,0.75,0,15,0
3,1,0,5,12,0,4,1,3,0.5,133,0,0,0,0.555555556,0,0,42,1,0.6667,0,15,0
3,1,0,5,12,0,4,1,3,0.5,133,0,0,0,0.555555556,0,0,42,1,0.6667,0,15,0
6,1,0,3,16,0,1,2,5,0.3,69,0,0,0,0.6,0,0,10.16666667,3,1.3333,0,15,0
3,1,0,2,6,0,0,2,3,0,24,0,1,0,0.666666667,0,0,6.666666667,1,0.6667,0,15,0
3,1,0,4,11,0,4,0,3,0,38,0,0,0,0.833333333,0,0,11.33333333,1,0.6667,0,16,0
3,1,0,6,11,0,6,0,3,0,38,0,0,0,0.833333333,0,0,11.33333333,1,0.6667,0,16,0
2,1,0,2,3,0,2,0,2,0,29,0,0,0,0.875,0,0,12,0,0,0,16,0
2,1,0,2,3,0,2,0,2,0,29,0,0,0,0.875,0,0,12,0,0,0,16,0
2,1,0,2,3,1,2,0,0,1,38,0,1,0,1,0,0,16,2,1,0,16,0
2,1,0,2,3,1,2,0,0,1,38,0,1,0,1,0,0,16,2,1,0,16,0
7,2,0,16,43,21,1,15,7,1.166666667,682,0,0,0.25,0.642857143,0,0,96.28571429,1,0.8571,1,16,1
1,1,0,0,2,0,0,0,1,2,68,0.015625,0,0,1,0,0,3,0,0,0,16,0
1,1,0,1,2,0,1,0,1,2,12,0,0,0,1,0,0,9,0,0,0,16,0
1,1,0,1,2,0,1,0,1,2,16,0,0,0,1,0,0,12,0,0,0,16,0
1,1,0,1,2,0,1,0,1,2,16,0,0,0,1,0,0,12,0,0,0,16,0
1,1,0,2,2,0,2,0,1,2,20,0,0,0,1,0,0,15,0,0,0,17,0
1,1,0,0,2,0,0,0,1,2,353,0,0,0,1,0,0,3,0,0,1,17,1
1,1,0,0,2,0,0,0,1,2,68,0.015625,0,0,1,0,0,3,0,0,1,17,1
1,1,0,0,2,0,0,0,1,2,16,0,1,0,1,0,0,12,0,0,0,17,0
1,1,0,1,2,0,1,0,1,2,16,0,1,0,1,0,0,12,0,0,0,17,0
1,1,0,2,2,0,2,0,1,2,20,0,0,0,1,0,0,15,0,0,1,17,1
1,1,0,0,2,0,0,0,1,2,16,0,1,0,1,0,0,12,0,0,1,17,1
1,1,0,1,2,0,1,0,1,2,16,0,1,0,1,0,0,12,0,0,1,17,1
1,1,0,6,10,0,3,4,0,2,80,0,3,0,1,0,0,71,0,0,0,17,0
1,1,0,6,10,0,3,4,0,2,80,0,3,0,1,0,0,71,0,0,1,17,1
1,1,1,8,2,0,4,4,1,2,28,0,4,0,1,0,0,21,0,0,0,17,0
1,1,1,8,2,0,4,4,1,2,28,0,4,0,1,0,0,21,0,0,1,17,1
1,2,0,8,2,0,3,5,1,2,10,0,0,0,1,0,0,9,0,0,1,18,1
1,2,0,1,2,0,0,1,1,2,338,0,0,0,1,0,0,3,0,0,1,18,1
1,2,0,8,2,0,3,5,1,2,10,0,0,0,1,0,0,9,0,0,0,18,0
10,2,0,6,16,45,5,1,10,2,143,0,0,0.666666667,0.8,1,14,13.3,2,1.1,1,18,1
3,2,0,3,5,3,1,2,0,2,18,0,0,0.5,0.555555556,0,0,5,2,1,0,18,0
3,2,0,3,5,3,1,2,0,2,18,0,0,0.5,0.555555556,0,0,5,2,1,0,18,0
3,2,0,3,5,3,1,2,0,2,22,0,0,0.5,0.555555556,0,0,6.333333333,2,1.3333,0,18,0
3,2,0,3,5,3,1,2,0,2,22,0,0,0.5,0.555555556,0,0,6.333333333,2,1.3333,0,18,0
3,2,0,3,5,3,1,2,0,2,24,0,0,0.5,0.555555556,0,0,7,2,1.3333,0,18,0
3,2,0,3,5,3,1,2,0,2,24,0,0,0.5,0.555555556,0,0,7,2,1.3333,0,18,0
3,2,0,3,5,3,1,2,0,2,24,0,0,0.5,0.555555556,0,0,7,2,1.3333,0,18,0
3,2,0,3,5,3,1,2,0,2,24,0,0,0.5,0.555555556,0,0,7,2,1.3333,0,18,0
3,2,0,3,5,3,1,2,0,2,24,0,0,0.5,0.555555556,0,0,7,2,1.3333,0,19,0
3,2,0,3,5,3,1,2,0,2,24,0,0,0.5,0.555555556,0,0,7,2,1.3333,0,19,0
3,2,0,3,5,3,1,2,0,2,24,0,0,0.5,0.555555556,0,0,7,2,1.3333,0,19,0
3,2,0,3,5,3,1,2,0,2,24,0,0,0.5,0.555555556,0,0,7,2,1.3333,0,19,0
12,2,0,11,20,24,10,1,12,2,153,0,0,0.64,0.527777778,1,14,11.75,2,1,1,19,1
2,2,0,2,4,1,1,1,2,2,10,0,0,0.8,0.666666667,0,0,4,1,0.5,1,19,1
5,2,0,2,15,10,1,1,5,2,305,0,0,0.5,0.35,2,5,60,8,2.2,0,19,0
5,2,0,1,15,10,0,1,5,2,305,0,0,0.5,0.35,2,5,60,8,2.2,0,19,0
5,2,0,5,13,10,5,5,4,2,45,0,0,0.692307692,0.45,0,0,8,1,0.8,0,19,0
12,2,0,5,20,24,4,1,12,2,161,0,0,0.653846154,0.395833333,1,14,12.41666667,2,1,1,19,1
6,2,0,2,8,5,2,0,6,0.8,47,0,0,0.642857143,0.444444444,0,0,6,1,0.8333,0,19,0
6,2,0,2,8,5,2,0,6,0.8,47,0,0,0.642857143,0.444444444,0,0,6,1,0.8333,0,19,0
3,2,2,5,4,3,4,1,3,2,10,0,0,0.942857143,1,0,0,2.333333333,1,0.6667,0,20,0
3,2,2,5,4,3,4,1,3,2,10,0,0,0.942857143,1,0,0,2.333333333,1,0.6667,0,20,0
3,3,0,0,4,3,0,0,3,2,6,0,0,0.95,0.833333333,0,0,1,1,0.6667,1,20,1
2,2,0,7,9,1,0,7,2,2,39,0,0,1,0.75,0,0,18.5,0,0,0,20,0
2,2,0,7,9,1,0,7,2,2,39,0,0,1,0.75,0,0,18.5,0,0,0,20,0
3,3,2,4,4,3,3,1,2,2,6,0,0,0.97260274,0.666666667,0,0,1,1,0.6667,0,20,0
3,3,2,4,4,3,3,1,2,2,6,0,0,0.97260274,0.666666667,0,0,1,1,0.6667,0,20,0
2,3,0,4,4,1,1,3,2,2,13,0,0,0.976190476,0.75,1,1,5.5,1,0.5,0,20,0
2,3,0,4,4,1,1,3,2,2,13,0,0,0.976190476,0.75,1,1,5.5,1,0.5,0,20,0
2,3,0,5,4,1,1,4,2,2,9,0,0,0.975609756,0.75,1,1,3.5,1,0.5,0,20,0
2,3,0,5,4,1,1,4,2,2,9,0,0,0.975609756,0.75,1,1,3.5,1,0.5,0,20,0
5,2,0,2,18,10,2,0,5,2,107,0,0,0.888888889,0.6,1,2,20.4,4,1.8,0,20,0
5,2,0,1,18,10,1,0,5,2,107,0,0,0.888888889,0.6,1,2,20.4,4,1.8,1,21,1
3,3,0,7,7,3,2,5,3,2,25,0,0,0.953488372,0.555555556,1,1,7.333333333,1,0.6667,0,21,0
3,3,0,7,7,3,2,5,3,2,25,0,0,0.953488372,0.555555556,1,1,7.333333333,1,0.6667,0,21,0
3,3,0,7,7,3,2,5,3,2,25,0,0,0.953488372,0.555555556,1,1,7.333333333,1,0.6667,0,21,0
3,3,0,7,7,3,2,5,3,2,25,0,0,0.953488372,0.555555556,1,1,7.333333333,1,0.6667,0,21,0
3,3,0,7,7,3,2,5,3,2,25,0,0,0.953488372,0.555555556,1,1,7.333333333,1,0.6667,0,21,0
3,3,0,7,7,3,2,5,3,2,25,0,0,0.953488372,0.555555556,1,1,7.333333333,1,0.6667,0,21,0
3,3,0,7,7,3,2,5,3,2,25,0,0,0.953488372,0.555555556,1,1,7.333333333,1,0.6667,0,21,0
3,3,0,6,7,3,1,5,3,2,19,0,0,0.952380952,0.555555556,1,1,5.333333333,1,0.6667,0,21,0
3,3,0,6,7,3,1,5,3,2,19,0,0,0.952380952,0.555555556,1,1,5.333333333,1,0.6667,0,21,0
3,3,0,6,7,3,1,5,3,2,24,0,0,0.952380952,0.555555556,1,1,7,1,0.6667,0,21,0
3,3,0,6,7,3,1,5,3,2,24,0,0,0.952380952,0.555555556,1,1,7,1,0.6667,0,21,0
11,3,0,3,19,55,1,2,11,2,79,0,0,0.804347826,0.363636364,0,0,6.181818182,1,0.8182,0,22,0
11,3,0,3,16,55,1,2,11,2,44,0,0,0.830188679,0.348484848,0,0,3,1,0.8182,0,22,0
16,2,0,4,24,120,2,2,14,2,229,0,0,0.821428571,0.3046875,1,7,13.3125,1,0.9375,0,22,0
3,3,0,7,8,3,2,5,3,2,23,0,0,0.952380952,0.555555556,1,1,6.666666667,1,0.6667,0,22,0
3,3,0,7,8,3,2,5,3,2,23,0,0,0.952380952,0.555555556,1,1,6.666666667,1,0.6667,0,22,0
3,3,0,7,7,3,2,5,3,2,25,0,0,0.953488372,0.555555556,1,1,7.333333333,1,0.6667,0,22,0
3,3,0,7,7,3,2,5,3,2,25,0,0,0.953488372,0.555555556,1,1,7.333333333,1,0.6667,0,22,0
3,3,0,7,7,3,2,5,3,2,25,0,0,0.953488372,0.555555556,1,1,7.333333333,1,0.6667,0,22,0
6,2,0,5,16,15,3,4,6,2,58,0,0,0.863636364,0.388888889,2,3,8.666666667,1,0.5,0,22,0
6,2,0,5,16,13,3,4,6,2,58,0,0,0.863636364,0.388888889,2,3,8.666666667,1,0.5,1,22,1
9,2,0,13,20,36,1,13,8,2,85,0,0,0.804878049,0.351851852,2,3,8.444444444,2,1.2222,0,22,0
4,2,1,5,11,4,1,5,4,2,63,0,0,0.823529412,0.5,1,4,14.75,5,1.75,0,22,0
4,2,1,5,10,6,1,5,4,2,58,0,0,0.823529412,0.5,1,4,13.5,5,1.75,0,23,0
2,3,2,10,8,1,7,5,1,2,44,0,0,0.986111111,0.5,0,0,21,3,1.5,0,23,0
2,3,2,10,8,1,7,5,1,2,44,0,0,0.986111111,0.5,0,0,21,3,1.5,0,23,0
8,2,0,14,19,28,1,14,7,2,82,0,0,0.825,0.375,2,3,9.25,2,1.25,0,23,0
9,2,7,21,15,36,15,8,8,2,51,0,0,0.789473684,0.285714286,1,7,4.666666667,2,1.1111,0,23,0
9,2,7,21,15,36,15,8,8,2,51,0,0,0.789473684,0.285714286,1,7,4.666666667,2,1.1111,1,23,1
5,3,12,13,16,8,13,0,3,1.223684211,424,0,0,0.926829268,0.416666667,0,0,80,3,1,0,23,0
5,2,10,24,17,10,14,10,4,2,56,0,0,0.931034483,0.44,1,4,10.2,1,0.8,0,23,0
5,2,10,27,17,10,16,11,4,2,56,0,0,0.931034483,0.44,1,4,10.2,1,0.8,0,23,0
5,3,18,19,16,8,19,0,3,1.223684211,424,0,0,0.926829268,0.416666667,0,0,80,3,1,1,23,1
3,2,26,36,9,3,28,8,2,2,24,0,0,0.964285714,0.5,1,2,7,1,0.6667,0,23,0
3,2,26,37,9,3,29,8,2,2,24,0,0,0.964285714,0.5,1,2,7,1,0.6667,0,23,0
3,3,3,40,31,3,30,33,3,2,242,0,0,0.978723404,0.523809524,0,0,79.66666667,2,1.3333,0,24,0
4,3,3,54,36,6,46,31,4,2,243,0,0,0.978723404,0.642857143,0,0,59.75,2,1,0,24,0
2,2,1,33,26,1,24,29,2,2,213,0,0,0.989130435,0.642857143,0,0,105.5,5,2.5,0,24,0
3,2,1,31,28,3,22,29,3,2,225,0,0,0.989130435,0.761904762,0,0,74,5,1.6667,0,24,0
4,4,8,14,23,6,9,5,3,2,94,0,0,0.985915493,0.55,1,1,22.5,1,0.75,0,24,0
4,4,8,14,23,6,9,5,3,2,94,0,0,0.985915493,0.55,1,1,22.5,1,0.75,1,24,1
2,3,0,10,11,1,1,9,2,2,39,0,0,0.97826087,0.666666667,1,1,18.5,1,0.5,0,24,0
2,3,0,9,11,1,1,8,2,2,39,0,0,0.97826087,0.666666667,1,1,18.5,1,0.5,0,24,0
3,4,0,27,5,3,27,0,3,2,16,0,0,1,0.555555556,0,0,4.333333333,0,0,0,24,0
2,4,1,5,4,1,1,5,2,2,11,0,0,1,0.6,0,0,4.5,0,0,0,24,0
2,4,1,5,4,1,1,5,2,2,11,0,0,1,0.6,0,0,4.5,0,0,0,24,0
3,4,0,13,5,3,13,0,3,2,16,0,0,1,0.555555556,0,0,4.333333333,0,0,0,24,0
2,3,0,4,5,1,1,3,2,2,16,0,0,0.976190476,0.75,1,1,7,1,0.5,0,25,0
2,3,0,4,5,1,1,3,2,2,16,0,0,0.976190476,0.75,1,1,7,1,0.5,0,25,0
2,3,0,4,4,1,1,3,2,2,13,0,0,0.976190476,0.75,1,1,5.5,1,0.5,0,25,0
2,3,0,4,4,1,1,3,2,2,13,0,0,0.976190476,0.75,1,1,5.5,1,0.5,0,25,0
2,4,0,3,3,1,1,2,2,2,13,0,0,0.987804878,0.6,0,0,5.5,1,0.5,0,25,0
2,4,0,3,3,1,1,2,2,2,13,0,0,0.987804878,0.6,0,0,5.5,1,0.5,0,25,0
4,5,0,0,8,6,0,0,4,2,20,0,0,0.963855422,0.625,0,0,4,1,0.75,0,25,0
4,5,0,0,8,6,0,0,4,2,20,0,0,0.963855422,0.625,0,0,4,1,0.75,0,25,0
2,5,0,4,4,1,3,1,2,2,11,0,0,1,0.833333333,0,0,4.5,0,0,0,25,0
2,5,0,3,3,1,3,0,2,2,12,0,0,1,0.833333333,0,0,5,0,0,0,25,0
2,5,0,4,4,1,3,1,2,2,11,0,0,1,0.833333333,0,0,4.5,0,0,1,25,1
2,5,0,3,3,1,3,0,2,2,12,0,0,1,0.833333333,0,0,5,0,0,1,25,1
1,2,0,5,3,0,0,5,1,2,7,0,0,1,1,0,0,6,0,0,0,26,0
1,2,0,5,3,0,0,5,1,2,7,0,0,1,1,0,0,6,0,0,0,26,0
1,3,0,4,2,0,2,2,1,2,6,0,0,1,1,0,0,5,0,0,1,26,1
1,3,0,2,2,0,0,2,1,2,4,0,0,1,1,0,0,3,0,0,0,26,0
1,3,0,2,2,0,0,2,1,2,4,0,0,1,1,0,0,3,0,0,0,26,0
1,3,1,6,2,0,5,1,1,2,4,0,0,1,1,0,0,3,0,0,0,26,0
1,3,0,12,2,0,12,0,1,2,5,0,0,1,1,0,0,4,0,0,1,26,1
1,3,0,12,2,0,12,0,1,2,5,0,0,1,1,0,0,4,0,0,0,26,0
1,3,1,5,2,0,4,1,1,2,4,0,0,1,1,0,0,3,0,0,0,26,0
1,3,2,3,2,0,3,0,1,2,5,0,0,1,1,0,0,4,0,0,0,26,0
1,3,2,3,2,0,3,0,1,2,5,0,0,1,1,0,0,4,0,0,0,26,0
2,3,0,4,4,1,1,3,2,2,13,0,0,0.976190476,0.75,1,1,5.5,1,0.5,0,26,0
2,3,0,4,4,1,1,3,2,2,13,0,0,0.976190476,0.75,1,1,5.5,1,0.5,0,27,0
2,3,0,4,4,1,1,3,2,2,13,0,0,0.976190476,0.75,1,1,5.5,1,0.5,0,27,0
2,3,0,4,4,1,1,3,2,2,13,0,0,0.976190476,0.75,1,1,5.5,1,0.5,0,27,0
2,3,0,4,4,1,1,3,2,2,13,0,0,0.976190476,0.75,1,1,5.5,1,0.5,0,27,0
2,3,0,4,4,1,1,3,2,2,13,0,0,0.976190476,0.75,1,1,5.5,1,0.5,0,27,0
3,3,0,2,11,3,2,0,3,2,61,0,0,0.95,0.833333333,1,2,19.33333333,5,2.3333,0,27,0
3,3,0,2,11,3,2,0,3,2,61,0,0,0.95,0.833333333,1,2,19.33333333,5,2.3333,0,27,0
3,3,0,6,7,1,1,5,3,2,42,0,0,0.953488372,0.833333333,1,6,13,1,0.6667,0,27,0
3,3,0,6,7,1,1,5,3,2,42,0,0,0.953488372,0.833333333,1,6,13,1,0.6667,0,27,0
3,3,0,6,7,3,1,5,3,2,42,0,0,0.953488372,0.833333333,1,6,13,1,0.6667,0,27,0
3,3,0,6,7,3,1,5,3,2,42,0,0,0.953488372,0.833333333,1,6,13,1,0.6667,0,27,0
3,3,0,1,4,3,0,1,3,2,10,0,0,0.98989899,1,2,4,2.333333333,1,0.6667,0,27,0
3,3,0,1,4,3,0,1,3,2,10,0,0,0.98989899,1,2,4,2.333333333,1,0.6667,1,28,1
3,5,0,2,4,3,1,1,0,2,10,0,0,0.990950226,1,1,1,2.333333333,1,0.6667,0,28,0
3,5,0,2,4,3,1,1,0,2,10,0,0,0.990950226,1,1,1,2.333333333,1,0.6667,0,28,0
1,3,0,1,2,0,0,1,1,2,4,0,0,1,1,0,0,3,0,0,1,28,1
1,3,0,0,2,0,0,0,1,2,5,0,0,1,1,0,0,4,0,0,0,28,0
1,3,0,0,2,0,0,0,1,2,5,0,0,1,1,0,0,4,0,0,0,28,0
1,3,0,1,2,0,0,1,1,2,4,0,0,1,1,0,0,3,0,0,0,28,0
1,4,0,0,2,0,0,0,1,2,4,0,0,1,1,0,0,3,0,0,1,28,1
1,4,0,0,2,0,0,0,1,2,5,0,0,1,1,0,0,4,0,0,1,28,1
1,4,0,1,2,0,0,1,1,2,4,0,0,1,1,0,0,3,0,0,1,28,1
1,4,0,1,2,0,0,1,1,2,4,0,0,1,1,0,0,3,0,0,1,28,1
1,4,0,1,2,0,0,1,1,2,4,0,0,1,1,0,0,3,0,0,1,28,1
1,4,0,2,2,0,1,1,1,2,4,0,0,1,1,0,0,3,0,0,1,29,1
1,4,0,2,2,0,2,0,0,2,5,0,0,1,1,0,0,4,0,0,1,29,1
1,4,0,0,2,0,0,0,1,2,4,0,0,1,1,0,0,3,0,0,0,29,0
1,4,0,0,2,0,0,0,1,2,5,0,0,1,1,0,0,4,0,0,0,29,0
1,4,0,2,2,0,1,1,1,2,4,0,0,1,1,0,0,3,0,0,0,29,0
1,4,0,2,2,0,1,1,1,2,5,0,0,1,1,0,0,4,0,0,0,29,0
1,4,0,2,2,0,1,1,1,2,5,0,0,1,1,0,0,4,0,0,0,29,0
1,4,0,2,2,0,1,1,1,2,5,0,0,1,1,0,0,4,0,0,0,29,0
1,4,0,2,2,0,1,1,1,2,5,0,0,1,1,0,0,4,0,0,0,29,0
1,4,0,2,2,0,2,0,0,2,5,0,0,1,1,0,0,4,0,0,0,29,0
1,4,1,3,2,0,2,1,1,2,4,0,0,1,1,0,0,3,0,0,0,29,0
1,4,1,3,2,0,2,1,1,2,4,0,0,1,1,0,0,3,0,0,0,29,0
1,6,0,1,2,0,1,1,1,2,6,0,0,1,1,0,0,5,0,0,0,30,0
1,6,0,1,2,0,1,1,1,2,6,0,0,1,1,0,0,5,0,0,0,30,0
1,6,0,1,2,0,0,1,1,2,6,0,0,1,1,0,0,5,0,0,0,30,0
1,6,0,1,2,0,0,1,1,2,6,0,0,1,1,0,0,5,0,0,0,30,0
1,5,3,7,2,0,6,1,0,2,4,0,0,1,1,0,0,3,0,0,0,30,0
1,5,3,7,2,0,6,1,0,2,4,0,0,1,1,0,0,3,0,0,0,30,0
1,4,0,0,2,0,0,0,1,2,11,0,0,1,1,0,0,7,0,0,0,30,0
1,4,0,0,2,0,0,0,1,2,11,0,0,1,1,0,0,7,0,0,0,30,0
3,4,0,1,4,1,0,1,2,1.428571429,1872,0,0,0.976190476,1,0,0,618.3333333,1,0.3333,1,30,1
3,4,0,1,4,1,0,1,2,1.428571429,1872,0,0,0.976190476,1,0,0,618.3333333,1,0.3333,1,30,1
3,4,0,1,4,1,0,1,2,1.428571429,1872,0,0,0.976190476,1,0,0,618.3333333,1,0.3333,1,30,1
3,4,0,1,4,1,0,1,2,1.428571429,1872,0,0,0.976190476,1,0,0,618.3333333,1,0.3333,1,30,1
3,4,0,1,4,1,0,1,2,1.428571429,1872,0,0,0.976190476,1,0,0,618.3333333,1,0.3333,1,31,1
3,4,0,1,4,1,0,1,2,1.428571429,1872,0,0,0.976190476,1,0,0,618.3333333,1,0.3333,1,31,1
3,4,0,1,4,1,0,1,2,1.428571429,1872,0,0,0.976190476,1,0,0,618.3333333,1,0.3333,1,31,1
3,4,0,1,4,1,0,1,2,1.428571429,1872,0,0,0.976190476,1,0,0,618.3333333,1,0.3333,1,31,1
3,4,0,1,4,1,0,1,2,1.423076923,3769,0,0,0.976190476,1,0,0,1251,1,0.3333,0,31,0
3,4,0,1,4,1,0,1,2,1.423076923,3769,0,0,0.976190476,1,0,0,1251,1,0.3333,0,31,0
3,4,0,1,4,1,0,1,2,1.423076923,3769,0,0,0.976190476,1,0,0,1251,1,0.3333,0,31,0
3,4,0,1,4,1,0,1,2,1.423076923,3769,0,0,0.976190476,1,0,0,1251,1,0.3333,0,31,0
3,4,0,1,4,1,0,1,2,1.423076923,3769,0,0,0.976190476,1,0,0,1251,1,0.3333,0,31,0
3,4,0,1,4,1,0,1,2,1.423076923,3769,0,0,0.976190476,1,0,0,1251,1,0.3333,0,31,0
3,4,0,1,4,1,0,1,2,1.423076923,3769,0,0,0.976190476,1,0,0,1251,1,0.3333,0,31,0
3,4,0,1,4,1,0,1,2,1.423076923,3769,0,0,0.976190476,1,0,0,1251,1,0.3333,0,31,0
5,3,10,10,16,8,10,0,3,1.24795082,4275,0,0,0.926829268,0.333333333,0,0,805.2,2,0.8,2,32,2
4,4,0,1,11,4,0,1,2,1.282051282,3800,0,0,0.953488372,0.5,2,2,945.75,2,0.75,0,32,0
5,3,10,10,16,8,10,0,3,1.246296296,2125,0,0,0.926829268,0.333333333,0,0,397,2,0.8,1,32,1
5,3,10,10,16,8,10,0,3,1.243589744,1171,0,0,0.926829268,0.333333333,0,0,217.6,2,0.8,1,32,1
4,4,0,1,11,4,0,1,2,1.285714286,1903,0,0,0.953488372,0.5,2,2,471.25,2,0.75,1,32,1
3,4,0,1,4,1,0,1,2,1.3,875,0,0,0.976190476,1,0,0,289,1,0.3333,0,32,0
3,4,0,1,4,1,0,1,2,1.3,875,0,0,0.976190476,1,0,0,289,1,0.3333,0,32,0
3,4,0,1,4,1,0,1,2,1.3,875,0,0,0.976190476,1,0,0,289,1,0.3333,0,32,0
3,4,0,1,4,1,0,1,2,1.3,875,0,0,0.976190476,1,0,0,289,1,0.3333,0,32,0
3,4,0,1,4,1,0,1,2,1.3,875,0,0,0.976190476,1,0,0,289,1,0.3333,0,32,0
3,4,0,1,4,1,0,1,2,1.3,875,0,0,0.976190476,1,0,0,289,1,0.3333,0,32,0
3,4,0,1,4,1,0,1,2,1.3,875,0,0,0.976190476,1,0,0,289,1,0.3333,0,33,0
3,4,0,1,4,1,0,1,2,1.3,875,0,0,0.976190476,1,0,0,289,1,0.3333,0,33,0
3,4,0,1,4,1,0,1,2,1.3,875,0,0,0.976190476,1,0,0,289,1,0.3333,0,33,0
3,4,0,1,4,1,0,1,2,0.5,614,0,0,0.976190476,1,0,0,203.3333333,1,0.3333,1,33,1
3,4,0,1,4,1,0,1,2,0.5,614,0,0,0.976190476,1,0,0,203.3333333,1,0.3333,1,33,1
3,4,0,1,4,1,0,1,2,0.5,599,0,0,0.976190476,1,0,0,198.3333333,1,0.3333,1,33,1
3,4,0,1,4,1,0,1,2,0.5,599,0,0,0.976190476,1,0,0,198.3333333,1,0.3333,1,33,1
3,4,0,1,4,1,0,1,2,0.5,595,0,0,0.976190476,1,0,0,197,1,0.3333,1,33,1
3,4,0,1,4,1,0,1,2,0.5,595,0,0,0.976190476,1,0,0,197,1,0.3333,1,33,1
3,4,0,1,4,1,0,1,2,0.5,583,0,0,0.976190476,1,0,0,193,1,0.3333,1,33,1
3,4,0,1,4,1,0,1,2,0.5,575,0,0,0.976190476,1,0,0,190.3333333,1,0.3333,1,33,1
3,4,0,1,4,1,0,1,2,0.5,614,0,0,0.976190476,1,0,0,203.3333333,1,0.3333,0,33,0
3,4,0,1,4,1,0,1,2,0.5,614,0,0,0.976190476,1,0,0,203.3333333,1,0.3333,0,34,0
3,4,0,1,4,1,0,1,2,0.5,599,0,0,0.976190476,1,0,0,198.3333333,1,0.3333,0,34,0
3,4,0,1,4,1,0,1,2,0.5,599,0,0,0.976190476,1,0,0,198.3333333,1,0.3333,0,34,0
3,4,0,1,4,1,0,1,2,0.5,595,0,0,0.976190476,1,0,0,197,1,0.3333,0,34,0
3,4,0,1,4,1,0,1,2,0.5,595,0,0,0.976190476,1,0,0,197,1,0.3333,0,34,0
3,4,0,1,4,1,0,1,2,0.5,583,0,0,0.976190476,1,0,0,193,1,0.3333,0,34,0
3,4,0,1,4,1,0,1,2,0.5,575,0,0,0.976190476,1,0,0,190.3333333,1,0.3333,0,34,0
3,4,0,1,4,1,0,1,2,0.5,499,0,0,0.976190476,1,0,0,165,1,0.3333,0,34,0
3,4,0,1,4,1,0,1,2,0.5,499,0,0,0.976190476,1,0,0,165,1,0.3333,0,34,0
3,4,0,1,4,1,0,1,2,0.5,499,0,0,0.976190476,1,0,0,165,1,0.3333,1,34,1
3,4,0,1,4,1,0,1,2,0.5,499,0,0,0.976190476,1,0,0,165,1,0.3333,1,34,1
3,4,0,1,4,1,0,1,2,0.5,487,0,0,0.976190476,1,0,0,161,1,0.3333,1,34,1
3,4,0,1,4,1,0,1,2,0.5,426,0,0,0.976190476,1,0,0,140.6666667,1,0.3333,0,35,0
3,4,0,1,4,1,0,1,2,0.5,426,0,0,0.976190476,1,0,0,140.6666667,1,0.3333,1,35,1
3,4,0,1,4,1,0,1,2,0.5,314,0,0,0.976190476,1,0,0,103.3333333,1,0.3333,0,35,0
3,4,0,1,4,1,0,1,2,0.5,314,0,0,0.976190476,1,0,0,103.3333333,1,0.3333,1,35,1
3,4,0,1,4,1,0,1,2,0.5,314,0,0,0.976190476,1,0,0,103.3333333,1,0.3333,1,35,1
3,4,0,1,4,1,0,1,2,0.5,314,0,0,0.976190476,1,0,0,103.3333333,1,0.3333,1,35,1
3,4,0,1,4,1,0,1,2,0.5,314,0,0,0.976190476,1,0,0,103.3333333,1,0.3333,1,35,1
3,4,0,1,4,1,0,1,2,0.5,314,0,0,0.976190476,1,0,0,103.3333333,1,0.3333,1,35,1
3,4,0,1,4,1,0,1,2,0.5,314,0,0,0.976190476,1,0,0,103.3333333,1,0.3333,1,35,1
4,2,0,3,9,0,0,3,4,0,66,0,1,0.966666667,0.5625,0,0,15.25,1,0.25,0,35,0
5,2,0,5,12,0,3,2,5,0,82,0,1,0.966666667,0.4,0,0,15.2,1,0.2,0,35,0
5,2,0,5,12,0,1,4,5,0,82,0,1,0.966666667,0.4,0,0,15.2,1,0.2,0,35,0
5,2,0,5,12,0,1,4,4,0,34,0,0,0.75,0.4,0,0,5.6,1,0.8,0,36,0
5,2,0,5,12,0,1,4,4,0,34,0,0,0.75,0.4,0,0,5.6,1,0.8,0,36,0
5,2,0,4,7,0,3,1,5,0,45,0,0,0.966666667,0.4,0,0,7.8,1,0.2,0,36,0
8,2,0,17,29,0,17,0,8,0.285714286,119,0,0,0.666666667,0.34375,0,0,13.75,2,1,0,36,0
8,2,0,17,29,0,17,0,8,0.285714286,119,0,0,0.666666667,0.34375,0,0,13.75,2,1,0,36,0
5,2,0,3,7,0,1,2,5,0.25,42,0,0,0.966666667,0.4,0,0,7.2,1,0.2,0,36,0
9,2,0,4,22,0,0,4,9,0.5,67,0,2,0.714285714,0.407407407,1,1,6.222222222,1,0.8889,0,36,0
9,2,0,3,22,0,0,3,9,0.5,67,0,2,0.714285714,0.407407407,1,1,6.222222222,1,0.8889,0,36,0
4,2,0,6,25,0,1,5,2,0.444444444,152,0,2,0.727272727,0.5625,1,4,36.25,1,0.75,0,36,0
4,2,0,7,24,0,1,6,2,0.444444444,146,0,2,0.727272727,0.5625,1,4,34.75,1,0.75,1,36,1
6,2,0,3,26,3,1,2,6,0.733333333,462,0,0,0.772727273,0.458333333,1,1,75,2,1,0,36,0
6,2,0,3,26,3,1,2,6,0.733333333,462,0,0,0.772727273,0.458333333,1,1,75,2,1,1,36,1
4,2,0,1,15,0,0,1,4,0.833333333,62,0,0,0.571428571,0.5,1,4,14,3,1.5,0,37,0
4,2,0,1,15,0,0,1,4,0.833333333,62,0,0,0.571428571,0.5,1,4,14,3,1.5,0,37,0
4,2,0,2,6,6,0,2,4,1,26,0,1,0.966666667,0.5625,0,0,5.25,1,0.25,0,37,0
8,3,0,1,21,28,1,0,7,1.142857143,273,0,0,0.857142857,0.225,0,0,17.375,2,0.875,0,37,0
7,3,0,10,47,9,0,10,6,1,658,0,0,0.571428571,0.349206349,2,5,92.71428571,7,1.8571,1,37,1
8,3,0,1,21,28,1,0,7,1.142857143,430,0,0,0.857142857,0.225,0,0,17.375,2,0.875,3,37,3
4,3,0,6,5,0,6,0,2,1.095238095,54,0,0,0.944444444,0.666666667,0,0,10.75,1,0.25,0,37,0
4,3,0,6,5,0,6,0,2,1.095238095,54,0,0,0.944444444,0.666666667,0,0,10.75,1,0.25,1,37,1
4,3,0,11,12,6,2,10,3,2,43,0,0,0.949152542,0.4,1,4,9.75,1,0.75,0,37,0
4,3,0,11,12,6,1,10,3,2,43,0,0,0.949152542,0.4,1,4,9.75,1,0.75,0,37,0
3,3,0,4,4,3,0,4,3,2,9,0,0,0.95,0.5,1,6,2,1,0.6667,1,37,1
3,3,0,4,4,3,0,4,3,2,9,0,0,0.95,0.5,1,6,2,1,0.6667,1,37,1
41,3,0,3,56,814,2,1,41,2,161,0,0,0.74,0.153846154,2,6,2.926829268,1,0.9512,0,38,0
24,3,0,3,44,258,2,1,22,2,376,0,0,0.880208333,0.361111111,2,14,14.66666667,1,0.9583,1,38,1
8,3,0,4,22,28,1,3,7,2,177,0,0,0.860465116,0.375,2,4,21.125,1,0.75,0,38,0
4,3,0,6,15,6,1,5,4,2,39,0,0,0.959459459,0.5,2,12,8.75,1,0.75,0,38,0
4,3,0,6,15,6,1,5,4,2,39,0,0,0.959459459,0.5,2,12,8.75,1,0.75,0,38,0
5,3,0,7,17,10,1,6,5,2,69,0,0,0.98,0.466666667,2,6,12.8,1,0.8,1,38,1
5,3,0,6,17,10,0,6,5,2,69,0,0,0.98,0.466666667,2,5,12.8,1,0.8,0,38,0
4,3,2,17,5,6,11,6,4,2,7,0,0,0.959459459,0.4375,2,4,0.75,1,0.75,0,38,0
4,3,2,17,5,6,11,6,4,2,7,0,0,0.959459459,0.4375,2,4,0.75,1,0.75,0,38,0
6,3,0,9,26,15,0,9,6,2,160,0,0,0.975124378,0.444444444,2,6,25.66666667,4,1.3333,1,38,1
8,4,9,18,21,28,9,9,4,2,110,0,0,0.872727273,0.5,2,5,12.75,2,1.125,0,38,0
8,4,9,18,21,8,9,9,4,2,110,0,0,0.872727273,0.5,2,5,12.75,2,1.125,1,38,1
6,3,0,9,26,15,0,9,6,2,160,0,0,0.975124378,0.444444444,2,5,25.66666667,4,1.3333,0,39,0
5,3,0,5,17,10,1,4,5,2,74,0,0,0.98,0.466666667,2,6,13.8,16,3.8,1,39,1
5,3,0,4,17,10,0,4,5,2,74,0,0,0.98,0.466666667,2,5,13.8,16,3.8,0,39,0
3,3,0,10,12,3,1,9,3,2,50,0,0,0.95,0.5,1,6,15.66666667,1,0.6667,2,39,2
3,3,0,10,12,3,1,9,3,2,50,0,0,0.95,0.5,1,6,15.66666667,1,0.6667,0,39,0
4,3,0,15,20,6,0,15,3,2,92,0,0,0.949152542,0.4,1,3,22,1,0.75,0,39,0
4,3,0,19,20,6,0,19,3,2,92,0,0,0.949152542,0.4,1,3,22,1,0.75,0,39,0
7,4,0,22,49,21,4,19,5,2,452,0,0,0.923076923,0.339285714,2,7,63.57142857,14,5.1429,1,39,1
7,4,0,25,49,21,4,22,5,2,452,0,0,0.923076923,0.339285714,2,7,63.57142857,14,5.1429,0,39,0
6,4,0,34,48,1,10,28,5,2,282,0,0,0.938271605,0.4,2,13,46,8,3.6667,1,39,1
3,3,0,24,37,3,2,23,2,2,245,0,0,0.965517241,0.5,2,4,80.66666667,15,5.3333,0,39,0
3,3,0,26,36,3,1,25,2,2,245,0,0,0.965517241,0.5,2,4,80.66666667,15,5.3333,0,39,0
3,4,0,11,27,3,0,11,2,2,169,0,0,0.96,0.476190476,1,6,55.33333333,8,3,0,40,0
3,4,0,11,27,3,0,11,2,2,169,0,0,0.96,0.476190476,1,7,55.33333333,8,3,1,40,1
3,3,0,4,4,3,0,4,3,2,9,0,0,0.95,0.5,1,6,2,1,0.6667,0,40,0
3,3,0,4,4,3,0,4,3,2,9,0,0,0.95,0.5,1,6,2,1,0.6667,0,40,0
3,4,0,10,34,3,1,9,1,2,169,0,0,0.990566038,0.666666667,1,1,55.33333333,1,0.6667,0,40,0
3,4,0,10,34,3,1,9,1,2,169,0,0,0.990566038,0.666666667,1,1,55.33333333,1,0.6667,0,40,0
3,4,0,9,29,3,2,9,2,2,107,0,0,0.990566038,0.666666667,1,1,34.66666667,1,0.6667,0,40,0
3,4,0,8,16,3,1,8,3,2,176,0,0,0.975903614,0.583333333,2,12,57.66666667,1,0.6667,0,40,0
3,4,0,8,16,3,1,8,3,2,176,0,0,0.975903614,0.583333333,2,12,57.66666667,1,0.6667,0,40,0
2,4,0,10,10,1,0,10,2,2,31,0,0,0.989690722,0.6,2,5,14.5,1,0.5,0,40,0
2,4,0,10,10,1,0,10,2,2,26,0,0,0.989690722,0.6,2,4,12,1,0.5,0,40,0
4,4,0,8,24,6,0,8,4,2,121,0,0,0.985365854,0.625,2,4,29.25,1,0.75,0,40,0
2,4,0,8,6,1,0,8,2,2,13,0,0,0.989690722,0.625,2,4,5.5,1,0.5,0,41,0
2,4,0,7,6,1,0,7,2,2,13,0,0,0.989690722,0.625,2,4,5.5,1,0.5,0,41,0
2,4,1,9,14,1,2,7,1,2,50,0,0,0.995260664,0.625,2,2,24,1,0.5,0,41,0
2,4,1,9,14,1,2,7,1,2,50,0,0,0.995260664,0.625,2,2,24,1,0.5,0,41,0
2,4,0,6,9,1,1,5,1,2,27,0,0,0.995260664,0.625,2,2,12.5,1,0.5,0,41,0
3,4,0,7,19,3,1,6,2,2,54,0,0,0.990566038,0.666666667,2,3,17,1,0.6667,0,41,0
3,4,0,7,19,3,1,6,2,2,54,0,0,0.990566038,0.666666667,2,3,17,1,0.6667,0,41,0
3,3,0,6,7,3,1,5,3,2,40,0,0,0.953488372,0.555555556,2,2,12.33333333,1,0.6667,0,41,0
3,3,0,6,7,3,1,5,3,2,40,0,0,0.953488372,0.555555556,2,2,12.33333333,1,0.6667,0,41,0
2,4,0,8,14,1,0,8,2,2,72,0,0,0.979591837,0.75,2,7,35,1,0.5,0,41,0
5,3,0,5,12,10,2,3,5,2,39,0,0,0.98,0.7,2,4,6.8,1,0.8,0,41,0
5,3,0,5,12,10,2,3,5,2,39,0,0,0.98,0.7,2,4,6.8,1,0.8,2,41,2
2,4,0,10,17,1,0,10,2,2,87,0,0,0.979591837,0.75,2,7,42.5,1,0.5,1,42,1
2,4,0,8,14,1,0,8,2,2,72,0,0,0.979591837,0.75,2,7,35,1,0.5,1,42,1
2,4,0,10,17,1,0,10,2,2,87,0,0,0.979591837,0.75,2,7,42.5,1,0.5,0,42,0
2,4,0,6,9,1,1,5,1,2,27,0,0,0.995260664,0.625,2,2,12.5,1,0.5,2,42,2
4,4,0,10,25,6,1,9,4,2,121,0,0,0.985365854,0.625,2,4,29.25,1,0.75,1,42,1
2,4,0,15,13,1,0,15,2,2,61,0,0,0.989690722,0.6,2,4,29.5,1,0.5,1,42,1
2,4,0,13,13,1,0,13,2,2,43,0,0,0.989690722,0.6,2,4,20.5,2,1,1,42,1
2,4,0,18,25,1,2,16,2,2,137,0,0,0.987012987,0.625,2,3,67.5,9,4.5,1,42,1
3,4,0,14,12,3,1,13,3,2,56,0,0,0.979591837,0.6,2,6,17.66666667,1,0.6667,0,42,0
2,4,0,18,13,1,0,18,2,2,61,0,0,0.989690722,0.6,2,4,29.5,1,0.5,0,42,0
2,4,0,12,10,1,0,12,2,2,31,0,0,0.989690722,0.6,2,5,14.5,1,0.5,0,42,0
2,4,0,12,10,1,0,12,2,2,26,0,0,0.989690722,0.6,2,4,12,1,0.5,0,42,0
2,4,0,13,13,1,0,13,2,2,44,0,0,0.989690722,0.6,2,4,21,2,1,0,43,0
2,4,0,11,13,1,0,11,2,2,44,0,0,0.989690722,0.6,2,4,21,2,1,0,43,0
2,4,0,10,12,1,0,10,2,2,39,0,0,0.989690722,0.6,2,4,18.5,2,1,0,43,0
2,4,0,22,25,1,2,20,2,2,137,0,0,0.987012987,0.625,2,3,67.5,9,4.5,0,43,0
6,5,0,26,27,15,1,25,4,2,226,0,0,0.97706422,0.533333333,2,4,36.66666667,6,1.6667,2,43,2
3,4,0,18,31,1,1,17,3,2,152,0,0,0.974358974,0.5,2,3,49.66666667,8,3,2,43,2
6,5,0,16,27,15,1,15,4,2,193,0,0,0.97706422,0.533333333,2,4,31.16666667,6,1.6667,2,43,2
3,4,0,13,12,3,1,12,3,2,55,0,0,0.979591837,0.5,2,4,17.33333333,3,1.3333,0,43,0
3,4,0,22,31,3,1,21,3,2,152,0,0,0.974358974,0.5,2,3,49.66666667,8,3,0,43,0
4,4,0,13,13,6,1,12,4,2,59,0,0,0.96969697,0.4375,2,4,13.75,3,1.25,0,43,0
7,5,2,12,23,21,3,10,2,2,163,0,0,0.9765625,0.371428571,2,4,22.28571429,11,1.8571,0,43,0
7,5,2,8,24,21,2,7,2,2,163,0,0,0.9765625,0.371428571,2,4,22.28571429,11,1.8571,0,43,0
4,5,0,5,9,6,1,4,3,2,64,0,0,0.9765625,0.4375,1,6,15,4,1.5,1,44,1
5,5,0,8,8,10,3,5,4,2,57,0,0,0.9765625,0.45,1,4,10.4,4,1.2,1,44,1
5,5,0,9,8,10,3,6,4,2,52,0,0,0.9765625,0.45,1,4,9.4,3,1,1,44,1
4,5,0,6,9,6,1,5,3,2,64,0,0,0.9765625,0.4375,1,6,15,4,1.5,0,44,0
3,5,0,6,10,3,1,5,1,2,30,0,0,0.990697674,0.583333333,1,2,9,1,0.6667,0,44,0
3,5,0,6,10,3,1,5,1,2,30,0,0,0.990697674,0.583333333,1,2,9,1,0.6667,0,44,0
3,4,0,9,29,3,2,9,2,2,107,0,0,0.990566038,0.666666667,1,1,34.66666667,1,0.6667,0,44,0
2,4,0,5,5,1,0,5,2,2,15,0,0,0.979591837,0.75,1,6,6.5,1,0.5,1,44,1
2,4,0,5,5,1,0,5,2,2,15,0,0,0.979591837,0.75,1,6,6.5,1,0.5,1,44,1
2,4,0,5,7,1,0,5,2,2,15,0,0,0.979591837,0.75,1,6,6.5,1,0.5,1,44,1
2,4,0,5,7,1,0,5,2,2,15,0,0,0.979591837,0.75,1,6,6.5,1,0.5,1,44,1
2,4,0,6,8,1,0,6,2,2,23,0,0,0.979591837,0.75,1,6,10.5,1,0.5,1,44,1
2,4,0,6,10,1,0,6,2,2,30,0,0,0.979591837,0.75,1,6,14,1,0.5,1,45,1
2,4,0,6,15,1,0,6,2,2,73,0,0,0.979591837,0.75,1,6,35.5,1,0.5,1,45,1
2,4,0,8,11,1,0,8,2,2,44,0,0,0.979591837,0.75,1,6,21,1,0.5,1,45,1
2,4,0,5,5,1,0,5,2,2,15,0,0,0.979591837,0.75,1,6,6.5,1,0.5,0,45,0
2,4,0,5,5,1,0,5,2,2,15,0,0,0.979591837,0.75,1,6,6.5,1,0.5,0,45,0
2,4,0,5,7,1,0,5,2,2,15,0,0,0.979591837,0.75,1,6,6.5,1,0.5,0,45,0
2,4,0,5,7,1,0,5,2,2,15,0,0,0.979591837,0.75,1,6,6.5,1,0.5,0,45,0
2,4,0,5,7,1,0,5,2,2,17,0,0,0.979591837,0.75,1,6,7.5,1,0.5,0,45,0
2,4,0,6,8,1,0,6,2,2,23,0,0,0.979591837,0.75,1,6,10.5,1,0.5,0,45,0
2,4,0,6,10,1,0,6,2,2,30,0,0,0.979591837,0.75,1,6,14,1,0.5,0,45,0
2,4,0,6,15,1,0,6,2,2,73,0,0,0.979591837,0.75,1,6,35.5,1,0.5,0,45,0
2,4,0,8,11,1,0,8,2,2,44,0,0,0.979591837,0.75,1,6,21,1,0.5,0,45,0
2,4,0,5,7,1,0,5,2,2,17,0,0,0.979591837,0.75,1,6,7.5,1,0.5,2,46,2
2,5,0,6,8,1,0,6,2,2,34,0,0,0.98245614,0.75,1,6,16,1,0.5,1,46,1
2,5,0,6,6,1,0,6,2,2,21,0,0,0.98245614,0.75,1,6,9.5,1,0.5,1,46,1
2,5,0,5,8,1,0,5,2,2,34,0,0,0.98245614,0.75,1,6,16,1,0.5,1,46,1
2,5,0,5,7,1,0,5,2,2,36,0,0,0.98245614,0.75,1,6,17,1,0.5,1,46,1
3,5,0,3,4,3,1,2,3,2,8,0,0,0.990697674,0.666666667,1,2,1.666666667,1,0.6667,2,46,2
2,5,0,7,8,1,0,7,2,2,34,0,0,0.98245614,0.75,1,6,16,1,0.5,0,46,0
2,5,0,7,6,1,0,7,2,2,21,0,0,0.98245614,0.75,1,6,9.5,1,0.5,0,46,0
2,5,0,6,8,1,0,6,2,2,34,0,0,0.98245614,0.75,1,6,16,1,0.5,0,46,0
2,5,0,6,7,1,0,6,2,2,36,0,0,0.98245614,0.75,1,6,17,1,0.5,0,46,0
2,5,0,8,8,1,1,7,2,2,57,0,0,0.995327103,0.625,1,1,27.5,1,0.5,1,46,1
2,5,0,2,3,1,0,2,2,2,6,0,0,0.995833333,0.75,1,1,2,1,0.5,2,46,2
3,5,0,6,10,3,1,5,1,2,30,0,0,0.990697674,0.583333333,1,2,9,1,0.6667,0,47,0
3,5,0,6,10,3,1,5,1,2,30,0,0,0.990697674,0.583333333,1,2,9,1,0.6667,0,47,0
2,5,0,8,8,1,1,7,2,2,57,0,0,0.995327103,0.625,1,1,27.5,1,0.5,0,47,0
3,5,0,3,4,3,1,2,3,2,8,0,0,0.990697674,0.666666667,1,2,1.666666667,1,0.6667,0,47,0
2,5,0,6,8,1,1,5,0,2,19,0,0,0.995327103,0.666666667,1,1,8.5,1,0.5,0,47,0
2,5,0,6,8,1,1,5,0,2,19,0,0,0.995327103,0.666666667,1,1,8.5,1,0.5,0,47,0
2,5,0,2,3,1,0,2,2,2,6,0,0,0.995833333,0.75,1,1,2,1,0.5,0,47,0
6,5,0,2,11,15,1,1,6,2,34,0,0,1,0.625,0,0,4.666666667,0,0,0,47,0
6,5,0,2,11,15,1,1,6,2,34,0,0,1,0.625,0,0,4.666666667,0,0,0,47,0
2,6,0,5,12,1,0,5,2,2,70,0,0,0.984615385,0.75,1,6,34,1,0.5,1,47,1
2,6,0,7,12,1,0,7,2,2,70,0,0,0.984615385,0.75,1,6,34,1,0.5,0,47,0
2,8,0,4,4,1,2,2,1,2,12,0,0,1,0.833333333,0,0,5,0,0,1,47,1
11,3,15,33,20,0,25,8,10,0.3,113,0,1,0.791666667,0.345454545,2,4,9.181818182,6,1.5455,0,48,0
11,3,15,22,20,0,15,7,10,0.3,113,0,1,0.791666667,0.345454545,2,4,9.181818182,6,1.5455,1,48,1
15,4,1,12,37,0,11,1,15,0.392857143,357,0,0,0.62962963,0.311111111,1,2,22.66666667,8,2,0,48,0
15,4,1,9,35,0,8,1,15,0.392857143,357,0,0,0.62962963,0.311111111,1,2,22.66666667,8,2,0,48,0
9,4,7,20,23,6,12,9,8,0.375,123,0,1,0.857142857,0.355555556,3,9,12.55555556,6,1.7778,0,48,0
9,4,7,15,23,6,8,8,8,0.375,123,0,1,0.857142857,0.355555556,3,9,12.55555556,6,1.7778,1,48,1
9,3,0,20,45,6,0,20,8,0.375,217,0,1,0.960784314,0.238095238,2,5,23,2,1,0,48,0
9,3,0,21,45,6,1,20,8,0.375,217,0,1,0.960784314,0.238095238,2,6,23,2,1,1,48,1
8,4,0,10,24,16,6,7,8,0.571428571,97,0,1,0.966507177,0.3,2,4,11,3,1.125,0,48,0
8,4,0,10,24,16,6,7,8,0.571428571,97,0,1,0.966507177,0.3,2,4,11,3,1.125,2,48,2
8,3,0,11,21,8,3,8,7,0.714285714,137,0,0,0.844444444,0.285714286,2,8,15.625,3,1.125,2,48,2
9,5,4,14,23,6,6,9,8,0.375,124,0,1,0.875,0.355555556,4,15,12.66666667,6,1.7778,0,49,0
10,3,1,26,17,1,24,3,9,0.703703704,99,0,2,0.91025641,0.333333333,2,22,8.6,3,1.3,1,49,1
10,3,1,27,18,3,25,3,9,0.777777778,98,0,2,0.91025641,0.333333333,2,22,8.5,3,1.2,1,49,1
7,4,0,12,18,0,3,10,6,0.166666667,156,0,1,0.931034483,0.367346939,3,16,21.14285714,2,1,1,49,1
7,4,0,14,18,0,3,12,6,0.166666667,156,0,1,0.931034483,0.367346939,3,17,21.14285714,2,1,0,49,0
7,5,0,7,18,0,1,6,7,0,115,0,0,0.978417266,0.285714286,3,14,15.28571429,1,0.4286,0,49,0
7,5,0,5,18,0,1,4,7,0,115,0,0,0.978417266,0.285714286,3,14,15.28571429,1,0.4286,0,49,0
7,3,0,15,36,0,0,15,6,0.814814815,242,0.444444444,2,0.934210526,0.285714286,2,8,32.28571429,3,1.1429,0,49,0
7,3,0,14,36,0,0,14,6,0.814814815,242,0.444444444,2,0.934210526,0.285714286,2,8,32.28571429,3,1.1429,0,49,0
5,4,0,8,37,6,0,8,3,0.65,253,0.4,0,0.941176471,0.4375,2,8,48.6,4,1.2,1,49,1
12,4,0,5,22,4,1,4,11,0.484848485,148,0.333333333,0,0.921875,0.25,3,15,11.08333333,2,1,0,49,0
12,4,0,4,22,4,1,3,11,0.484848485,148,0.333333333,0,0.921875,0.25,3,15,11.08333333,2,1,0,49,0
9,6,1,9,24,6,2,8,8,0.375,218,0,1,0.888888889,0.355555556,5,22,23.11111111,7,2.3333,1,50,1
8,6,1,10,23,8,2,9,7,0.428571429,214,0,1,0.901408451,0.375,5,22,25.625,7,2.5,1,50,1
9,5,4,12,23,6,5,8,8,0.375,124,0,1,0.875,0.355555556,4,15,12.66666667,6,1.7778,1,50,1
10,4,0,8,23,25,1,7,10,0.555555556,86,0,1,0.905263158,0.28,3,22,7.5,2,1,2,50,2
10,4,0,9,23,23,1,8,10,0.555555556,89,0,1,0.905263158,0.28,3,22,7.8,2,1,0,50,0
9,5,0,11,32,8,2,9,8,0.78125,392,0.25,6,0.954285714,0.26984127,2,20,41.66666667,10,2.8889,1,50,1
9,5,0,12,32,18,2,10,8,0.78125,392,0.25,6,0.954285714,0.26984127,2,20,41.66666667,10,2.8889,0,50,0
6,4,0,18,21,15,7,11,6,1,80,0,0,0.981900452,0.375,3,8,12.16666667,1,0.6667,2,50,2
10,5,0,20,49,39,4,17,8,1.022222222,285,0,1,0.963709677,0.333333333,3,7,27,5,1.7,2,50,2
9,5,0,20,50,32,4,17,7,1.025,272,0,1,0.967611336,0.351851852,3,7,28.66666667,5,1.5556,2,50,2
6,4,0,18,21,15,7,11,6,1,80,0,0,0.981900452,0.375,3,8,12.16666667,1,0.6667,0,50,0
6,3,0,10,44,15,0,10,5,1,615,0,0,0.615384615,0.375,3,6,101.1666667,7,2,2,50,2
9,5,0,9,31,36,2,7,6,2,161,0,0,0.963800905,0.314814815,4,10,16.88888889,16,3,3,51,3
8,5,0,5,10,28,2,3,8,2,31,0,0,0.951048951,0.416666667,3,19,2.875,2,1,1,51,1
8,5,0,5,10,28,2,3,8,2,31,0,0,0.951048951,0.416666667,3,19,2.875,2,1,0,51,0
9,5,0,11,39,36,1,10,6,2,195,0,0,0.963800905,0.314814815,4,7,20.66666667,16,3,2,51,2
4,5,0,17,75,6,1,17,3,2,468,0,0,0.986111111,0.5,4,6,116,3,1.25,1,51,1
4,5,0,17,77,6,1,17,3,2,472,0,0,0.986111111,0.5,4,6,117,3,1.25,1,51,1
3,4,0,19,22,3,0,19,3,2,131,0,0,0.979591837,0.444444444,3,14,42.66666667,5,2,0,51,0
5,4,0,17,19,10,0,17,5,2,85,0,0,0.96,0.333333333,3,12,16,2,1.2,0,51,0
5,4,0,19,19,10,0,19,5,2,85,0,0,0.96,0.333333333,3,12,16,2,1.2,0,51,0
3,4,0,22,22,3,0,22,3,2,131,0,0,0.979591837,0.444444444,3,14,42.66666667,5,2,0,51,0
6,4,0,33,62,3,8,29,5,2,369,0,0,0.938271605,0.305555556,3,16,60.5,7,2.8333,2,51,2
6,4,0,36,62,15,8,32,5,2,369,0,0,0.938271605,0.305555556,3,15,60.5,7,2.8333,0,51,0
6,4,0,36,48,15,10,30,5,2,282,0,0,0.938271605,0.4,2,12,46,8,3.6667,0,52,0
5,6,0,13,36,10,1,12,4,2,186,0,0,0.941176471,0.4,2,8,36.2,1,0.8,2,52,2
5,6,0,16,36,10,1,15,4,2,186,0,0,0.941176471,0.5,2,8,36.2,1,0.8,0,52,0
3,4,0,14,17,3,0,14,3,2,75,0,0,0.979591837,0.444444444,3,13,24,3,1.3333,0,52,0
3,4,0,13,17,3,0,13,3,2,75,0,0,0.979591837,0.444444444,3,13,24,3,1.3333,0,52,0
8,5,0,17,66,28,1,16,6,2,543,0,0,0.888888889,0.475,3,8,66.875,1,0.875,1,52,1
3,4,0,12,15,3,0,12,3,2,59,0,0,0.979591837,0.444444444,3,13,18.66666667,3,1.3333,0,52,0
8,5,0,16,67,28,1,15,6,2,551,0,0,0.888888889,0.475,3,8,67.875,1,0.875,2,52,2
3,4,0,11,15,3,0,11,3,2,59,0,0,0.979591837,0.444444444,3,13,18.66666667,3,1.3333,0,52,0
4,6,0,10,16,6,0,10,3,2,113,0,0,0.955223881,0.5,2,8,27.25,1,0.75,0,52,0
3,4,0,16,12,3,1,15,3,2,56,0,0,0.979591837,0.6,2,6,17.66666667,1,0.6667,0,52,0
3,5,0,12,13,3,0,12,3,2,50,0,0,0.99,0.533333333,3,5,15.66666667,1,0.3333,0,52,0
3,5,0,11,11,3,0,11,3,2,37,0,0,0.99,0.533333333,3,5,11.33333333,1,0.3333,0,53,0
3,5,0,11,11,3,0,11,3,2,37,0,0,0.99,0.533333333,3,5,11.33333333,1,0.3333,0,53,0
3,5,0,6,11,3,0,6,3,2,45,0,0,0.964912281,0.666666667,2,7,14,1,0.6667,1,53,1
3,5,0,6,11,3,0,6,3,2,45,0,0,0.964912281,0.666666667,2,7,14,1,0.6667,0,53,0
3,5,0,10,13,3,0,10,3,2,50,0,0,0.99,0.533333333,3,5,15.66666667,1,0.3333,0,53,0
3,5,0,7,10,3,1,6,2,2,40,0,0,0.990697674,0.583333333,2,4,12.33333333,1,0.6667,0,53,0
3,5,0,7,10,3,1,6,2,2,40,0,0,0.990697674,0.583333333,2,4,12.33333333,1,0.6667,0,53,0
5,4,0,10,15,10,3,7,5,2,62,0,0,0.981900452,0.6,3,7,11.4,3,1.2,1,53,1
2,5,0,9,14,1,1,8,1,2,50,0,0,0.995283019,0.625,2,2,24,1,0.5,0,53,0
5,4,0,9,13,10,3,6,5,2,54,0,0,0.981900452,0.6,3,7,9.8,3,1.2,2,53,2
2,4,0,6,17,1,1,5,1,2,65,0,0,0.995260664,0.625,3,4,31.5,1,0.5,0,53,0
2,4,0,6,17,1,1,5,1,2,65,0,0,0.995260664,0.625,3,4,31.5,1,0.5,0,53,0
2,5,0,4,5,1,0,4,2,2,12,0,0,0.982142857,0.75,2,7,5,1,0.5,1,54,1
2,5,0,4,10,1,0,4,2,2,28,0,0,0.982142857,0.75,2,7,13,1,0.5,1,54,1
2,5,0,5,4,1,0,5,2,2,10,0,0,0.982142857,0.75,2,7,4,1,0.5,1,54,1
2,5,0,5,6,1,0,5,2,2,14,0,0,0.982142857,0.75,2,7,6,1,0.5,1,54,1
2,5,0,5,7,1,0,5,2,2,35,0,0,0.982142857,0.75,2,7,16.5,1,0.5,1,54,1
2,5,0,5,9,1,0,5,2,2,43,0,0,0.982142857,0.75,2,7,20.5,1,0.5,1,54,1
2,5,0,4,5,1,0,4,2,2,12,0,0,0.982142857,0.75,2,7,5,1,0.5,0,54,0
2,5,0,4,10,1,0,4,2,2,28,0,0,0.982142857,0.75,2,7,13,1,0.5,0,54,0
2,5,0,5,4,1,0,5,2,2,10,0,0,0.982142857,0.75,2,7,4,1,0.5,0,54,0
2,5,0,5,6,1,0,5,2,2,14,0,0,0.982142857,0.75,2,7,6,1,0.5,0,54,0
2,5,0,5,7,1,0,5,2,2,35,0,0,0.982142857,0.75,2,7,16.5,1,0.5,0,54,0
2,5,0,5,9,1,0,5,2,2,43,0,0,0.982142857,0.75,2,7,20.5,1,0.5,0,54,0
2,5,0,5,9,1,0,5,2,2,42,0,0,0.982142857,0.75,3,8,20,1,0.5,1,55,1
2,5,0,5,11,1,0,5,2,2,65,0,0,0.982142857,0.75,3,8,31.5,1,0.5,1,55,1
2,5,0,8,14,1,1,7,1,2,50,0,0,0.995283019,0.625,2,2,24,1,0.5,0,55,0
2,5,0,5,9,1,0,5,2,2,42,0,0,0.982142857,0.75,3,8,20,1,0.5,0,55,0
2,5,0,5,11,1,0,5,2,2,65,0,0,0.982142857,0.75,3,8,31.5,1,0.5,0,55,0
4,6,0,8,16,6,0,8,3,2,113,0,0,0.955223881,0.5,2,8,27.25,1,0.75,1,55,1
3,5,0,9,11,3,0,9,3,2,37,0,0,0.99,0.533333333,3,5,11.33333333,1,0.3333,0,55,0
3,5,0,9,11,3,0,9,3,2,37,0,0,0.99,0.533333333,3,5,11.33333333,1,0.3333,0,55,0
3,7,0,4,6,3,1,3,1,2,31,0,0,0.985185185,0.555555556,3,5,9.333333333,2,1,1,55,1
3,7,0,5,6,3,1,4,1,2,31,0,0,0.985185185,0.555555556,3,5,9.333333333,2,1,0,55,0
4,7,0,7,13,6,0,7,3,2,81,0,0,0.96,0.5,3,8,19.25,1,0.75,1,55,1
4,7,0,10,13,6,0,10,3,2,81,0,0,0.96,0.5,3,8,19.25,1,0.75,0,55,0
6,3,0,88,14,0,87,2,6,0.1,97,0,2,0.894736842,0.4,1,1,14.83333333,3,0.6667,0,56,0
8,2,1,5,17,0,3,2,8,0,47,0,1,0.740740741,0.416666667,1,1,4.75,1,0.875,0,56,0
8,2,1,5,17,0,3,2,8,0,47,0,1,0.740740741,0.416666667,1,1,4.75,1,0.875,0,56,0
8,2,0,4,17,0,2,2,8,0,47,0,1,0.740740741,0.416666667,1,1,4.75,1,0.875,0,56,0
8,2,0,4,17,0,2,2,8,0,47,0,1,0.740740741,0.416666667,1,1,4.75,1,0.875,0,56,0
10,2,0,7,22,0,2,5,10,0.111111111,78,0,1,0.689655172,0.28,1,1,6.7,2,1,0,56,0
10,2,0,7,19,0,2,5,10,0.111111111,58,0,1,0.689655172,0.325,1,1,4.7,1,0.9,0,56,0
2,4,0,5,5,0,3,3,2,0,25,0,0,0.987341772,0.666666667,2,3,11,2,1,1,56,1
2,4,0,5,5,0,3,3,2,0,25,0,0,0.987341772,0.666666667,2,3,11,2,1,0,56,0
10,2,0,6,22,0,2,4,10,0.111111111,78,0,1,0.689655172,0.28,1,1,6.7,2,1,0,56,0
10,2,0,6,19,0,2,4,10,0.111111111,58,0,1,0.689655172,0.325,1,1,4.7,1,0.9,0,56,0
2,3,0,3,5,0,0,3,2,0,18,0,1,0.964285714,0.666666667,1,1,7.5,1,0.5,0,56,0
2,3,0,3,5,0,0,3,2,0,18,0,1,0.964285714,0.666666667,1,1,7.5,1,0.5,0,57,0
3,4,0,8,9,1,1,7,3,0.5,26,0,1,0.99086758,0.555555556,0,0,7.333333333,1,0.6667,0,57,0
3,4,0,8,9,1,1,7,3,0.5,26,0,1,0.99086758,0.555555556,0,0,7.333333333,1,0.6667,0,57,0
5,4,0,8,37,6,0,8,3,0.65,253,0.4,0,0.941176471,0.4375,2,7,48.6,4,1.2,0,57,0
13,4,1,6,25,8,4,2,12,0.541666667,257,0.5,0,0.771428571,0.269230769,2,4,18.61538462,5,1.8462,0,57,0
5,2,1,5,16,2,1,5,4,0.625,110,0.5,1,0.823529412,0.5,1,4,20.6,9,2.2,0,57,0
5,2,1,5,16,2,1,5,4,0.625,107,0.5,1,0.823529412,0.5,1,4,20,9,2.2,0,57,0
5,3,0,7,23,8,3,5,2,0.875,198,0.5,1,0.904761905,0.44,0,0,38.2,2,1.2,0,57,0
5,3,0,7,23,8,3,5,2,0.875,198,0.5,1,0.904761905,0.44,0,0,38.2,2,1.2,1,57,1
3,4,0,39,5,0,39,0,3,0,22,1,0,0.944444444,0.666666667,0,0,6,1,0.3333,0,57,0
3,4,0,35,5,0,35,0,3,0,22,1,0,0.944444444,0.666666667,0,0,6,1,0.3333,0,57,0
10,3,0,6,12,37,6,2,10,0.888888889,52,1,0,0.956097561,0.4,1,1,3.8,1,0.9,0,57,0
10,3,0,6,12,37,6,2,10,0.888888889,52,1,0,0.956097561,0.4,1,1,3.8,1,0.9,0,58,0
8,2,0,2,19,0,1,1,8,0.657142857,183,1,0,0.932692308,0.35,0,0,21.25,5,1.625,0,58,0
5,2,0,3,13,4,2,3,5,1,61,1,3,0.904761905,0.5,1,1,10,1,0.4,0,58,0
3,4,0,5,5,1,1,4,3,1,25,1,0,0.975903614,0.466666667,0,0,6.666666667,1,0.6667,0,58,0
3,4,0,5,5,1,1,4,3,1,25,1,0,0.975903614,0.466666667,0,0,6.666666667,1,0.6667,0,58,0
8,2,3,7,16,18,3,4,6,0.8,114,1,0,0.837837838,0.5,1,1,12.625,1,0.75,0,58,0
6,3,0,20,37,15,10,11,5,1.133333333,273,1,0,0.897435897,0.56,1,4,44,16,3.1667,0,58,0
4,4,0,5,6,4,1,4,4,0.666666667,26,1,0,0.964285714,0.45,0,0,5.25,1,0.75,0,58,0
4,4,0,5,6,4,1,4,4,0.666666667,26,1,0,0.964285714,0.45,0,0,5.25,1,0.75,0,58,0
4,4,1,9,8,4,7,4,4,0.666666667,30,1,0,0.99086758,0.45,0,0,6.25,1,0.5,0,58,0
4,4,1,9,8,4,7,4,4,0.666666667,30,1,0,0.99086758,0.45,0,0,6.25,1,0.5,0,58,0
4,4,0,6,6,2,2,4,3,0.666666667,29,1,0,0.975903614,0.466666667,0,0,5.75,1,0.5,0,58,0
4,4,0,6,6,2,2,4,3,0.666666667,29,1,0,0.975903614,0.466666667,0,0,5.75,1,0.5,0,59,0
3,2,2,3,7,0,2,1,2,0.5,32,1,0,0.75,0.666666667,0,0,9,1,0.6667,0,59,0
2,2,0,2,4,1,1,1,2,1,14,1,0,0.966666667,0.75,0,0,5.5,1,0.5,0,59,0
3,2,2,3,7,0,2,1,2,0.5,32,1,0,0.75,0.666666667,0,0,9,1,0.6667,1,59,1
2,2,0,7,6,0,1,6,2,0,23,1,1,0.923076923,0.625,0,0,10,2,1,0,59,0
2,2,0,4,7,0,1,3,2,0,25,1,1,0.966666667,0.75,0,0,11,1,0.5,0,59,0
3,4,0,2,6,0,1,1,3,0,48,1,0,1,0.777777778,0,0,14.66666667,0,0,0,59,0
3,4,0,2,6,0,1,1,3,0,48,1,0,1,0.777777778,0,0,14.66666667,0,0,0,59,0
3,3,0,0,4,1,0,0,2,0.5,195,1,0,0.974358974,1,0,0,63.66666667,1,0.3333,0,59,0
3,3,0,0,4,1,0,0,2,0.5,234,1,0,0.974358974,1,0,0,76.66666667,1,0.3333,2,59,2
3,4,0,1,4,1,0,1,2,0.5,1014,1,0,0.975,1,0,0,336.6666667,1,0.3333,0,59,0
3,3,1,1,4,1,1,0,2,0.5,1248,1,0,0.974358974,1,0,0,414.6666667,1,0.3333,1,59,1
4,3,0,9,8,6,1,8,3,1,30,1,0,0.952380952,0.4,2,4,6,1,0.75,0,60,0
4,3,0,8,8,6,1,7,3,1,30,1,0,0.952380952,0.4,2,4,6,1,0.75,0,60,0
8,5,0,11,15,14,1,10,7,0.839285714,100,1,0,0.958333333,0.476190476,1,2,10.5,1,0.75,1,60,1
6,3,0,4,11,9,3,1,6,0.6,49,1,0,0.975124378,0.444444444,2,6,7,3,1.1667,1,60,1
6,3,0,3,11,9,2,1,6,0.6,49,1,0,0.975124378,0.444444444,2,5,7,3,1.1667,0,60,0
5,3,0,8,12,8,1,7,5,0.5,59,1,0,0.904761905,0.4,1,6,10.6,2,1,0,60,0
6,3,0,5,17,3,0,5,6,0.4,60,1,0,0.975124378,0.444444444,2,4,8.833333333,1,0.8333,0,60,0
4,2,1,1,9,2,1,0,3,0.666666667,91,1,0,0.942857143,0.666666667,2,3,21.25,3,1,1,60,1
4,2,1,1,9,2,1,0,3,0.666666667,378,1,0,0.942857143,0.666666667,2,3,93,6,1.75,1,60,1
4,5,0,5,12,0,1,4,2,0.636363636,179,1,0,0.989528796,0.55,1,1,41,1,0.5,0,60,0
4,5,0,4,13,0,1,3,2,0.636363636,179,1,0,0.989528796,0.55,1,1,41,1,0.5,0,60,0
3,3,0,5,14,1,0,5,2,0.5,37,1,1,0.965517241,0.555555556,1,4,11,1,0.6667,0,60,0
5,4,0,9,31,2,2,7,4,0.333333333,151,1,1,0.981308411,0.4,1,2,28.6,1,0.8,0,61,0
3,3,0,4,14,1,0,4,2,0.5,37,1,1,0.965517241,0.555555556,1,4,11,1,0.6667,0,61,0
6,3,0,2,7,3,1,1,6,0.6,33,1,0,0.975124378,0.666666667,1,2,4.166666667,1,0.8333,0,61,0
6,3,0,2,7,3,1,1,6,0.6,33,1,0,0.975124378,0.666666667,1,2,4.166666667,1,0.8333,1,61,1
3,4,0,1,5,1,0,1,2,0.5,79,1,0,0.975,0.75,2,3,25,3,1,0,61,0
3,4,0,1,5,1,0,1,2,0.5,349,1,0,0.975,0.75,2,3,115,6,2,0,61,0
7,4,1,11,48,15,2,9,3,0.333333333,282,1,0,0.972222222,0.5,1,1,39.14285714,1,0.8571,0,61,0
7,4,1,11,47,15,2,9,3,0.333333333,268,1,0,0.972222222,0.5,1,1,37.14285714,1,0.8571,0,61,0
4,3,0,2,9,0,2,0,4,0.333333333,40,1,0,0.944444444,0.5,1,1,8.75,2,0.5,0,61,0
4,3,0,2,9,0,2,0,4,0.333333333,40,1,0,0.944444444,0.5,1,1,8.75,2,0.5,0,61,0
3,3,0,5,13,0,0,5,3,0,59,1,1,0.909090909,0.555555556,2,7,18.33333333,3,1.3333,0,61,0
2,3,0,3,6,0,0,3,2,0,28,1,1,0.952380952,0.666666667,1,2,12.5,3,1.5,0,61,0
4,5,0,4,6,0,2,2,3,0.333333333,23,1,0,0.986486486,0.5,0,0,4.5,1,0.75,0,62,0
4,5,0,5,6,0,2,3,3,0.333333333,23,1,0,0.986486486,0.5,0,0,4.5,1,0.75,0,62,0
5,4,0,9,31,2,2,7,4,0.333333333,151,1,1,0.981308411,0.4,1,2,28.6,1,0.8,0,62,0
8,5,0,11,15,14,1,10,7,0.839285714,100,1,0,0.958333333,0.476190476,1,2,10.5,1,0.75,0,62,0
5,5,0,7,8,6,0,7,5,0.916666667,41,1,0,0.971830986,0.325,1,2,6.6,1,0.8,0,62,0
5,5,0,7,8,6,0,7,5,0.916666667,41,1,0,0.971830986,0.325,1,2,6.6,1,0.8,0,62,0
3,5,0,14,33,1,0,14,2,0.5,177,1,0,0.98245614,0.75,1,7,57.66666667,1,0.3333,1,62,1
3,5,0,17,33,1,1,16,2,0.5,177,1,0,0.98245614,0.75,1,7,57.66666667,1,0.3333,0,62,0
6,5,0,11,25,3,1,11,4,0.75,261,1,2,0.961538462,0.4,1,6,41.83333333,10,2.8333,0,62,0
5,6,0,5,13,0,1,5,3,0.25,129,1,0,0.979020979,0.366666667,1,1,24.6,17,4,0,62,0
5,6,0,5,13,0,1,5,3,0.25,129,1,0,0.979020979,0.366666667,1,1,24.6,17,4,1,62,1
3,5,0,5,6,1,1,4,2,0.5,28,1,0,0.992805755,0.625,2,3,8,2,0.6667,1,62,1
3,5,0,5,6,1,1,4,2,0.5,28,1,0,0.992805755,0.625,2,3,8,2,0.6667,0,63,0
10,5,0,9,16,27,1,8,9,0.844444444,79,1,0,0.945205479,0.263888889,2,5,6.4,2,0.9,0,63,0
10,5,0,9,16,27,1,8,9,0.844444444,79,1,0,0.945205479,0.263888889,2,5,6.4,2,0.9,0,63,0
9,5,0,7,26,28,1,6,5,0.5,207,1,1,0.927927928,0.416666667,2,8,21.88888889,4,1.7778,0,63,0
6,6,5,13,13,3,7,7,4,0.4,65,1,1,0.96969697,0.366666667,2,4,9.666666667,2,0.8333,1,63,1
4,8,0,9,15,2,2,7,3,0.333333333,97,1,1,0.978571429,0.4375,2,2,22.75,4,1.5,1,63,1
4,8,0,10,15,2,2,8,3,0.333333333,97,1,1,0.978571429,0.4375,2,2,22.75,4,1.5,0,63,0
3,7,0,9,14,0,1,8,3,0,119,1,0,0.985185185,0.555555556,3,3,38.33333333,5,2.3333,1,63,1
3,7,0,11,14,0,1,10,3,0,119,1,0,0.985185185,0.555555556,3,3,38.33333333,5,2.3333,0,63,0
3,7,0,20,26,0,1,19,2,0,171,0.75,3,0.985185185,0.444444444,3,4,54.66666667,6,3,0,63,0
6,7,1,8,16,0,3,6,4,0.2,94,1,0,0.97080292,0.4,4,10,14.5,3,1.1667,1,63,1
6,7,2,13,16,0,4,10,4,0.2,94,1,0,0.97080292,0.4,4,10,14.5,3,1.1667,0,63,0
5,4,0,11,10,4,1,11,4,0.5,38,1,0,0.947368421,0.36,2,8,6.4,1,0.8,0,64,0
5,4,0,14,10,4,1,14,4,0.5,38,1,0,0.947368421,0.36,2,8,6.4,1,0.8,0,64,0
8,5,0,8,24,26,1,7,4,0.571428571,200,1,1,0.936363636,0.4375,2,8,23.875,4,1.875,1,64,1
13,5,0,11,20,54,2,9,12,0.9,119,1,0,0.926174497,0.21875,2,5,7.384615385,2,0.9231,0,64,0
17,5,1,17,41,0,8,11,16,0.4375,281,1,2,0.892857143,0.165775401,2,9,15.41176471,7,1.8824,1,64,1
17,5,1,19,41,0,8,13,16,0.4375,281,1,2,0.892857143,0.165775401,2,9,15.41176471,7,1.8824,0,64,0
7,6,5,12,15,1,7,6,5,0.333333333,75,1,1,0.962406015,0.342857143,2,5,9.571428571,2,1,1,64,1
29,5,0,2,73,300,1,2,21,0.879251701,782,0.857142857,1,0.94214876,0.344827586,3,5,25.24137931,10,1.5172,0,64,0
29,5,0,2,74,300,1,2,21,0.879251701,782,0.857142857,1,0.94214876,0.344827586,3,5,25.24137931,10,1.5172,2,64,2
9,5,0,11,42,0,2,9,8,0.583333333,423,1,1,0.946969697,0.277777778,3,11,45.66666667,14,2.7778,2,64,2
9,5,0,14,43,0,2,12,8,0.583333333,426,1,1,0.946969697,0.277777778,3,11,46,14,2.7778,1,64,1
9,5,2,25,29,22,3,23,9,0.75,214,1,1,0.925233645,0.259259259,3,4,22.44444444,2,1,0,65,0
9,5,2,28,26,22,3,26,9,0.75,158,1,1,0.925233645,0.259259259,3,4,16.22222222,2,1,0,65,0
7,4,0,18,28,15,4,14,6,0.5,166,1,0,0.97309417,0.314285714,4,7,22.57142857,1,0.8571,1,65,1
10,4,0,16,31,15,4,12,10,0.666666667,198,1,1,0.960176991,0.25,4,7,18.5,1,0.9,3,65,3
14,6,0,11,32,0,1,11,11,0.730769231,163,1,2,0.914285714,0.234693878,4,8,10.35714286,3,1.2143,0,65,0
14,6,0,15,32,0,1,15,11,0.730769231,163,1,2,0.914285714,0.234693878,4,8,10.35714286,3,1.2143,0,65,0
12,7,0,16,35,6,3,14,8,0.409090909,230,1,1,0.93006993,0.291666667,4,13,18,5,1.6667,2,65,2
14,7,0,12,41,7,3,10,10,0.346153846,330,1,1,0.917241379,0.273809524,4,18,22.42857143,9,2.2857,1,65,1
6,7,0,26,39,5,0,26,6,0.6,289,1,0,0.959349593,0.333333333,4,8,46.83333333,4,1.5,0,65,0
9,5,0,21,84,20,1,21,9,0.6875,586,1,1,0.965811966,0.311111111,5,10,63.88888889,1,0.8889,1,65,1
9,5,0,23,82,20,2,22,9,0.6875,571,1,1,0.965811966,0.311111111,5,10,62.22222222,1,0.8889,2,65,2
7,7,0,23,40,1,0,23,7,0.583333333,297,1,0,0.951612903,0.314285714,5,11,41.14285714,4,1.5714,0,65,0
3,7,0,15,26,0,0,15,2,0,171,0.75,3,0.985185185,0.444444444,3,4,54.66666667,6,3,1,66,1
10,6,0,35,46,1,2,33,10,0.518518519,302,1,2,0.925233645,0.242857143,3,4,28.9,8,1.6,0,66,0
8,6,0,26,43,0,1,25,8,0.285714286,253,1,2,0.933962264,0.25,4,5,30.375,8,1.75,0,66,0
8,6,0,31,41,0,1,30,8,0.285714286,253,1,2,0.933962264,0.25,4,5,30.375,8,1.75,0,66,0
10,6,0,30,48,1,2,28,10,0.518518519,302,1,2,0.925233645,0.242857143,4,5,28.9,8,1.6,0,66,0
8,5,0,33,44,0,1,33,8,0.142857143,241,1,1,0.933962264,0.270833333,3,4,29,6,1.875,0,66,0
8,5,0,29,45,0,1,29,8,0.142857143,241,1,1,0.933962264,0.270833333,4,5,29,6,1.875,0,66,0
3,4,0,8,11,0,0,8,3,0,51,1,1,0.979591837,0.444444444,3,13,15.66666667,2,1,0,66,0
3,4,0,8,11,0,0,8,3,0,51,1,1,0.979591837,0.444444444,3,13,15.66666667,2,1,0,66,0
4,4,0,17,17,0,0,17,4,0.666666667,84,1,2,0.96969697,0.375,3,8,19.5,2,1,0,66,0
4,4,0,38,46,0,1,37,3,0.083333333,562,1,4,0.96969697,0.458333333,3,7,138.5,12,3.5,1,66,1
4,4,0,19,17,0,0,19,4,0.666666667,84,1,2,0.96969697,0.375,3,8,19.5,2,1,0,66,0
4,4,0,33,45,0,1,32,3,0.083333333,524,1,4,0.96969697,0.458333333,3,7,129,8,2.5,0,67,0
3,4,0,15,14,0,0,15,3,0,63,1,1,0.979591837,0.444444444,3,13,19.66666667,1,0.6667,0,67,0
3,4,0,16,17,0,0,16,3,0,108,1,2,0.979591837,0.444444444,3,13,34.33333333,1,0.6667,0,67,0
3,4,0,17,14,0,0,17,3,0,62,1,1,0.979591837,0.444444444,3,13,19.33333333,1,0.6667,0,67,0
3,4,0,22,24,0,0,22,3,0,191,1,4,0.979591837,0.444444444,3,13,61.33333333,3,1.3333,0,67,0
3,4,0,18,17,0,0,18,3,0,108,1,2,0.979591837,0.444444444,3,14,34.33333333,1,0.6667,0,67,0
5,4,3,19,21,0,3,16,5,0.25,149,1,2,0.96969697,0.366666667,3,14,28.4,4,1.2,0,67,0
3,4,0,25,24,0,0,25,3,0,191,1,4,0.979591837,0.444444444,3,13,61.33333333,3,1.3333,0,67,0
5,4,0,18,22,4,0,18,5,0.25,126,1,2,0.96,0.4,3,14,23.8,1,0.8,0,67,0
3,4,0,21,26,0,0,21,3,0.166666667,246,1,3,0.979591837,0.444444444,3,14,80,4,1.6667,0,67,0
5,4,0,20,22,4,0,20,5,0.25,126,1,2,0.96,0.4,3,14,23.8,1,0.8,0,67,0
3,4,0,26,33,0,0,26,3,0.166666667,264,1,3,0.979591837,0.444444444,4,15,86,3,1.3333,0,67,0
6,3,0,13,28,0,0,13,6,0,101,1,1,0.934210526,0.305555556,2,8,15.66666667,1,0.8333,0,68,0
6,3,0,14,28,0,0,14,6,0,101,1,1,0.934210526,0.305555556,2,8,15.66666667,1,0.8333,0,68,0
5,3,0,16,20,0,2,14,5,0,86,1,1,0.946666667,0.333333333,2,7,16,2,1,0,68,0
7,3,0,18,28,0,0,18,7,0,143,1,1,0.934210526,0.285714286,2,7,19.28571429,2,1.1429,0,68,0
8,3,0,14,27,0,0,14,7,0.285714286,117,1,1,0.965517241,0.270833333,2,5,13.5,2,1,0,68,0
4,3,0,11,14,0,0,11,4,0.333333333,44,1,0,0.959459459,0.4,2,7,9.75,1,0.75,0,68,0
4,3,0,11,14,0,0,11,4,0.333333333,44,1,0,0.959459459,0.4,2,7,9.75,1,0.75,0,68,0
4,3,0,13,14,0,0,13,4,0.333333333,44,1,0,0.959459459,0.4,2,7,9.75,1,0.75,0,68,0
4,3,0,13,14,0,0,13,4,0.333333333,44,1,0,0.959459459,0.4,2,7,9.75,1,0.75,0,68,0
4,3,0,21,26,0,0,21,3,0.333333333,123,1,1,0.949152542,0.4,2,5,29.5,2,1,0,68,0
4,3,0,22,23,0,0,22,3,0.333333333,115,1,0,0.949152542,0.4,2,5,27.5,2,1.25,0,68,0
7,3,3,16,21,0,10,9,7,0.416666667,146,1,2,0.934210526,0.357142857,2,4,19.57142857,3,1.1429,0,68,0
7,3,3,16,22,0,10,9,7,0.416666667,146,1,2,0.934210526,0.357142857,2,4,19.57142857,3,1.1429,0,69,0
8,3,0,13,27,0,0,13,7,0.285714286,117,1,1,0.965517241,0.270833333,2,5,13.5,2,1,1,69,1
7,3,0,10,16,9,1,9,6,0.5,55,1,1,0.97029703,0.314285714,2,5,6.714285714,2,1,0,69,0
4,3,0,19,26,0,0,19,3,0.333333333,311,1,0,0.949152542,0.4,2,6,76.5,6,2.25,0,69,0
4,3,0,17,26,0,0,17,3,0.333333333,123,1,1,0.949152542,0.4,2,6,29.5,2,1,1,69,1
8,3,0,10,33,8,0,10,8,0.428571429,164,1,1,0.965517241,0.3,2,5,19.375,16,2.75,0,69,0
6,3,0,5,17,3,0,5,6,0.4,60,1,0,0.975124378,0.444444444,2,4,8.833333333,1,0.8333,1,69,1
7,3,0,9,16,9,1,8,6,0.5,55,1,1,0.97029703,0.314285714,2,5,6.714285714,2,1,1,69,1
5,3,0,14,43,4,0,14,4,0.5,233,1,1,0.9375,0.36,2,5,45.4,10,2.6,0,69,0
8,3,0,11,33,8,1,10,8,0.428571429,164,1,1,0.965517241,0.3,2,5,19.375,16,2.75,2,69,2
5,3,0,14,45,4,0,14,4,0.5,244,1,1,0.9375,0.36,2,5,47.6,11,2.8,2,69,2
5,3,0,14,51,4,1,14,4,0.5,332,1,1,0.9375,0.36,2,5,65.2,14,3.4,2,69,2
13,5,0,12,20,54,3,9,12,0.9,119,1,0,0.926174497,0.21875,2,5,7.384615385,2,0.9231,0,70,0
11,5,0,16,23,37,3,13,10,0.916666667,141,1,0,0.93877551,0.225,2,5,10.72727273,2,0.9091,0,70,0
11,5,0,16,23,37,3,13,10,0.916666667,141,1,0,0.93877551,0.225,2,5,10.72727273,2,0.9091,0,70,0
13,4,3,13,19,64,5,8,13,0.854166667,107,1,1,0.878787879,0.230769231,2,3,6.923076923,6,1.4615,0,70,0
12,4,3,16,17,52,7,9,12,0.840909091,96,1,1,0.887755102,0.236111111,2,3,6.666666667,6,1.4167,0,70,0
11,4,1,17,43,39,11,10,9,0.8,333,1,0,0.964285714,0.309090909,1,2,28.90909091,4,1.5455,0,70,0
11,4,1,17,45,39,10,10,9,0.8,333,1,0,0.964285714,0.309090909,1,2,28.90909091,4,1.5455,0,70,0
5,5,0,13,23,4,1,13,3,0.75,251,1,2,0.968992248,0.44,1,5,48.4,10,3,1,70,1
14,4,0,9,40,0,1,8,13,0.076923077,174,1,1,0.941704036,0.295918367,2,3,11.35714286,1,0.9286,0,70,0
14,4,0,9,40,0,1,8,13,0.076923077,174,1,1,0.941704036,0.295918367,2,3,11.35714286,1,0.9286,0,70,0
15,5,0,20,56,0,4,19,15,0.535714286,406,1,1,0.954063604,0.193939394,0,0,25.93333333,2,0.9333,0,70,0
13,4,1,15,51,30,2,13,9,0.583333333,390,1,2,0.943925234,0.230769231,2,6,28.84615385,8,1.6923,3,70,3
8,4,0,15,27,0,1,14,8,0.142857143,135,1,2,0.925531915,0.270833333,2,3,15.625,2,1,0,71,0
15,5,0,26,71,0,4,25,15,0.535714286,499,1,1,0.954063604,0.193939394,0,0,32.13333333,2,0.9333,0,71,0
7,4,0,16,22,0,0,16,5,0.625,153,1,4,0.926829268,0.30952381,2,4,20.28571429,6,1.7143,0,71,0
5,4,0,19,22,4,1,19,5,0.5,225,1,0,0.96969697,0.4,2,4,43.8,13,3,0,71,0
7,4,0,17,22,0,0,17,5,0.625,153,1,4,0.926829268,0.30952381,2,4,20.28571429,6,1.7143,0,71,0
8,4,0,18,27,0,1,17,8,0.142857143,135,1,2,0.925531915,0.270833333,2,3,15.625,2,1,0,71,0
4,4,0,20,20,0,1,20,4,0.333333333,149,1,0,0.979591837,0.45,2,4,36,10,2.75,0,71,0
7,3,0,19,28,0,1,18,7,0,143,1,1,0.934210526,0.285714286,2,7,19.28571429,2,1.1429,0,71,0
5,3,0,24,32,0,1,23,4,0.375,177,1,1,0.933333333,0.333333333,2,5,34,4,1.8,0,71,0
7,3,0,21,28,0,0,21,7,0,143,1,1,0.934210526,0.285714286,2,7,19.28571429,2,1.1429,0,71,0
7,3,0,22,28,0,1,21,7,0,143,1,1,0.934210526,0.285714286,2,7,19.28571429,2,1.1429,0,71,0
6,3,0,42,56,0,1,41,5,0.55,531,1,4,0.923076923,0.361111111,2,4,86.83333333,4,1.6667,1,71,1
15,5,0,6,39,91,0,6,13,0.857142857,181,1,0,0.729166667,0.16,1,5,10.93333333,3,1.0667,0,72,0
11,3,0,8,20,29,5,4,11,0.825,114,1,0,0.951456311,0.340909091,2,5,9,2,1,0,72,0
13,4,1,15,50,30,2,13,9,0.583333333,388,1,2,0.943925234,0.230769231,2,6,28.69230769,8,1.6923,0,72,0
9,3,0,10,17,16,6,6,9,0.75,79,1,3,0.960784314,0.296296296,1,2,7.444444444,1,0.8889,0,72,0
11,3,0,17,41,15,3,15,10,0.7,228,1,1,0.951456311,0.233766234,2,5,19.45454545,4,1.2727,0,72,0
7,3,0,21,48,17,0,21,5,0.888888889,237,1,1,0.903225806,0.30952381,1,4,32.42857143,6,1.7143,0,72,0
10,3,0,19,33,0,6,15,7,0.583333333,262,1,0,0.875,0.266666667,2,6,24.8,10,2.1,0,72,0
7,3,0,25,47,17,1,24,5,0.888888889,237,1,1,0.903225806,0.30952381,1,4,32.42857143,6,1.7143,0,72,0
8,3,0,16,18,4,5,11,5,0.571428571,75,1,0,0.922077922,0.325,2,8,8.125,1,0.75,0,72,0
11,3,0,9,20,29,6,4,11,0.825,114,1,0,0.951456311,0.340909091,2,5,9,2,1,1,72,1
10,3,0,21,32,0,4,18,7,0.583333333,262,1,0,0.875,0.266666667,2,6,24.8,10,2.1,0,72,0
4,3,0,21,30,0,5,17,4,0.833333333,127,1,0,0.949152542,0.416666667,1,3,30.25,4,2,0,73,0
8,3,0,19,18,4,6,13,5,0.571428571,75,1,0,0.922077922,0.325,2,8,8.125,1,0.75,0,73,0
15,3,0,7,26,53,2,5,15,0.785714286,164,1,5,0.933333333,0.293333333,2,6,9.6,2,1,1,73,1
5,3,0,20,30,0,0,20,4,0.75,144,1,1,0.933333333,0.333333333,2,6,27.4,3,1.2,0,73,0
14,3,0,10,42,27,1,9,14,0.666666667,290,1,2,0.937799043,0.25,3,4,19.5,2,1.0714,1,73,1
11,3,0,16,41,15,3,14,10,0.7,228,1,1,0.951456311,0.233766234,2,6,19.45454545,4,1.2727,1,73,1
6,3,0,20,40,3,0,20,5,0.4,183,1,1,0.918032787,0.305555556,1,6,29.33333333,5,1.6667,0,73,0
7,3,0,17,16,1,1,16,7,0.333333333,70,1,0,0.922077922,0.371428571,2,8,8.857142857,2,1.1429,0,73,0
4,3,0,19,30,0,5,15,4,0.833333333,127,1,0,0.949152542,0.416666667,1,4,30.25,4,2,1,73,1
9,3,0,11,17,16,7,6,9,0.75,79,1,3,0.960784314,0.296296296,1,2,7.444444444,1,0.8889,2,73,2
6,3,0,21,39,0,0,21,5,0.4,201,1,2,0.918032787,0.361111111,1,7,32.16666667,3,1.6667,2,73,2
6,3,0,18,40,3,1,18,5,0.4,183,1,1,0.918032787,0.305555556,1,6,29.33333333,5,1.6667,4,73,4
6,3,0,25,39,0,1,24,5,0.4,201,1,2,0.918032787,0.361111111,1,6,32.16666667,3,1.6667,0,74,0
5,3,0,31,42,4,0,31,4,0.5,253,1,1,0.933333333,0.333333333,1,6,49.4,4,1.6,0,74,0
6,3,0,31,54,3,2,30,5,0.6,314,1,2,0.918032787,0.361111111,1,5,51,9,2.6667,0,74,0
6,3,0,28,58,3,1,28,5,0.6,332,1,2,0.918032787,0.361111111,1,7,54,9,2.6667,0,74,0
6,3,0,29,58,0,2,28,5,0.65,361,1,3,0.918032787,0.305555556,1,5,58.5,13,3.3333,0,74,0
7,3,0,20,16,1,1,19,7,0.333333333,70,1,0,0.922077922,0.371428571,2,8,8.857142857,2,1.1429,0,74,0
5,3,0,28,42,4,0,28,4,0.5,253,1,1,0.933333333,0.333333333,1,6,49.4,4,1.6,1,74,1
6,3,0,24,31,0,2,22,6,0.333333333,213,1,2,0.934210526,0.305555556,2,7,34,4,1.3333,0,74,0
5,3,0,20,33,0,1,20,4,0.416666667,237,1,1,0.933333333,0.333333333,2,6,45.8,4,2,0,74,0
6,3,0,27,31,0,2,25,6,0.333333333,213,1,2,0.934210526,0.305555556,2,7,34,4,1.3333,0,74,0
5,3,0,20,33,0,0,20,4,0.5,176,1,1,0.933333333,0.333333333,2,7,33.8,6,1.8,0,74,0
7,3,0,25,38,0,2,24,6,0.083333333,282,1,1,0.922077922,0.306122449,2,9,39,3,1.7143,0,74,0
5,3,0,14,49,4,1,14,4,0.5,319,1,1,0.9375,0.36,2,5,62.6,13,3.2,0,75,0
6,3,0,24,36,0,2,23,5,0.5,289,1,3,0.934210526,0.285714286,2,8,46.5,7,2.5,0,75,0
6,3,0,27,62,0,2,27,5,0.65,379,1,3,0.918032787,0.305555556,1,6,61.5,13,3.3333,1,75,1
8,3,0,26,54,6,3,25,7,0.80952381,279,1,3,0.895522388,0.3,2,5,33.125,7,2.25,0,75,0
7,3,0,21,38,0,1,21,6,0.083333333,282,1,1,0.922077922,0.306122449,2,9,39,3,1.7143,1,75,1
6,3,0,35,53,0,1,34,5,0.55,570,1,4,0.923076923,0.361111111,2,5,93.33333333,4,1.5,1,75,1
9,3,0,58,46,0,33,25,8,0.583333333,508,1,2,0.91025641,0.3125,2,7,55.11111111,5,1.3333,0,75,0
10,3,0,23,59,7,1,22,7,0.644444444,505,1,2,0.861538462,0.3,1,9,49,13,3.9,1,75,1
6,3,0,35,56,0,2,33,5,0.45,416,1,2,0.918032787,0.305555556,2,8,67.66666667,28,6,0,75,0
8,3,0,24,54,6,3,23,7,0.80952381,279,1,3,0.895522388,0.3,2,5,33.125,7,2.25,2,75,2
6,3,0,31,57,0,2,29,5,0.5,413,1,2,0.918032787,0.305555556,2,10,67.16666667,28,6,1,75,1
16,4,0,30,69,10,5,28,13,0.566666667,787,1,0,0.829545455,0.232142857,2,9,47.9375,16,3.3125,2,75,2
18,4,0,41,70,21,6,38,14,0.588235294,900,1,0,0.811111111,0.238095238,2,9,48.77777778,20,4.0556,1,76,1
12,3,0,40,49,0,1,39,11,0.333333333,836,1,2,0.865853659,0.238095238,2,8,68.41666667,18,3.25,0,76,0
12,3,0,37,49,0,1,36,11,0.333333333,836,1,2,0.865853659,0.238095238,2,8,68.41666667,18,3.25,0,76,0
10,3,0,36,70,7,1,35,7,0.644444444,658,1,2,0.861538462,0.3,1,9,64.3,13,4,0,76,0
10,3,0,33,54,0,0,33,10,0.185185185,600,1,2,0.8875,0.257142857,2,9,58.7,7,2.5,0,76,0
10,3,0,31,54,0,0,31,10,0.185185185,600,1,2,0.8875,0.257142857,2,9,58.7,7,2.5,0,76,0
13,3,0,28,76,42,5,24,9,0.783333333,663,1,1,0.823529412,0.207692308,2,11,49.61538462,18,4.5385,0,76,0
16,5,0,22,54,46,4,21,13,0.6,560,1,2,0.899280576,0.2,2,13,33.875,9,2.4375,2,76,2
13,3,0,25,77,40,5,21,9,0.783333333,663,1,1,0.823529412,0.207692308,2,10,49.61538462,18,4.5385,2,76,2
16,5,0,23,52,46,4,22,13,0.6,561,1,2,0.899280576,0.2,2,13,33.9375,9,2.4375,1,76,1
6,3,0,21,40,0,2,21,5,0.8,706,1,0,0.923076923,0.333333333,3,7,114.3333333,28,7.3333,1,76,1
8,3,0,19,43,0,2,19,7,0.847619048,734,1,0,0.895522388,0.270833333,3,7,88.875,29,5.875,1,76,1
9,3,0,57,49,0,33,24,8,0.583333333,536,1,2,0.91025641,0.3125,2,7,58.22222222,5,1.3333,0,77,0
11,4,0,23,38,0,2,22,11,0.64,380,1,3,0.879518072,0.204545455,2,7,33.09090909,35,4.8182,0,77,0
11,4,0,20,42,0,2,19,11,0.64,380,1,3,0.879518072,0.204545455,2,7,33.09090909,35,4.8182,0,77,0
5,3,0,21,32,2,2,20,4,1,518,1,1,0.9375,0.4,3,7,102,17,4.4,1,77,1
5,3,0,23,30,4,2,22,4,1,496,1,1,0.9375,0.4,3,6,97.6,17,4.4,0,77,0
6,3,0,21,36,0,2,20,5,0.5,289,1,3,0.934210526,0.285714286,2,8,46.5,7,2.5,0,77,0
10,5,0,7,53,0,1,6,5,0.883141762,1077,1,1,0.954545455,0.211111111,2,8,100.9,12,3.5,0,77,0
20,3,0,8,56,188,2,6,15,1.019736842,859,1,0,0.709677419,0.292857143,2,8,41.55,12,2.3,1,77,1
16,3,0,6,52,112,1,5,11,0.777777778,509,1,0,0.74,0.344444444,2,8,30.625,1,0.8125,0,77,0
6,3,0,7,23,9,1,7,6,0.833333333,134,1,1,0.934210526,0.361111111,2,12,20.33333333,1,0.8333,0,77,0
6,3,0,7,23,9,1,7,6,0.833333333,134,1,1,0.934210526,0.361111111,2,12,20.33333333,1,0.8333,0,77,0
15,3,0,7,26,53,2,5,15,0.785714286,164,1,5,0.933333333,0.293333333,2,5,9.6,2,1,0,77,0
15,5,0,8,43,83,0,8,13,0.821428571,210,1,0,0.729166667,0.16,2,6,12.86666667,3,1.1333,0,78,0
14,3,0,10,41,27,1,9,14,0.666666667,290,1,2,0.937799043,0.25,3,4,19.5,2,1.0714,0,78,0
16,5,0,16,44,8,4,13,14,0.75,261,1,2,0.899280576,0.18125,3,10,15.0625,4,1.4375,0,78,0
16,5,0,19,44,8,4,16,14,0.75,261,1,2,0.899280576,0.18125,3,10,15.0625,4,1.4375,0,78,0
10,5,0,8,53,0,1,7,5,0.883141762,1073,1,1,0.954545455,0.211111111,2,8,100.5,11,3.4,2,78,2
25,3,0,7,57,232,2,5,18,0.901041667,807,1,1,0.676923077,0.217592593,2,6,30.96,18,2.24,1,78,1
18,5,0,19,48,13,5,15,16,0.735294118,244,1,2,0.858333333,0.185185185,4,14,12.33333333,3,1.3889,0,78,0
18,5,0,22,48,19,5,18,16,0.75,244,1,2,0.858333333,0.185185185,4,14,12.33333333,3,1.3333,0,78,0
7,4,0,19,38,7,0,19,5,0.458333333,275,1,1,0.941176471,0.285714286,3,13,37.71428571,12,3.2857,0,78,0
9,4,0,21,41,24,0,21,5,0.53125,311,1,1,0.923076923,0.253968254,3,13,33.11111111,6,2.4444,0,78,0
5,4,3,17,21,0,3,14,5,0.25,149,1,2,0.96969697,0.366666667,3,14,28.4,4,1.2,0,78,0
13,4,1,16,49,40,1,15,13,0.638888889,352,0.666666667,3,0.946902655,0.188034188,4,11,25.84615385,2,1.1538,0,78,0
13,4,1,16,49,40,2,14,13,0.638888889,352,0.666666667,3,0.946902655,0.188034188,4,11,25.84615385,2,1.1538,1,79,1
37,3,1,9,68,212,1,8,34,0.625,711,1,2,0.682692308,0.171171171,2,9,18.10810811,12,2.2973,0,79,0
41,3,0,4,66,742,2,2,40,0.95,337,1,0,0.74,0.148217636,3,14,7.195121951,3,1,0,79,0
22,3,2,27,46,189,22,11,22,0.942857143,179,0.8,4,0.903225806,0.181818182,2,14,6.681818182,1,0.9545,1,79,1
22,3,2,29,46,189,24,11,22,0.942857143,179,0.8,4,0.903225806,0.181818182,2,14,6.681818182,1,0.9545,0,79,0
22,3,3,38,68,155,20,24,19,0.828571429,383,0.8,2,0.907407407,0.168181818,2,15,16.18181818,4,1.0909,1,79,1
32,4,2,17,84,354,6,12,28,0.88172043,656,1,2,0.86695279,0.180555556,3,19,19.21875,10,1.8438,3,79,3
32,4,2,17,84,354,6,12,28,0.88172043,657,1,2,0.86695279,0.180555556,3,19,19.25,10,1.8438,0,79,0
31,4,0,10,59,117,1,10,29,0.5,823,0.5,0,0.802721088,0.150537634,4,20,25.41935484,14,2.9032,0,79,0
31,4,0,10,57,117,1,10,29,0.5,904,0.5,0,0.802721088,0.150537634,4,20,28.03225806,15,3,1,79,1
14,3,0,8,79,57,2,6,11,0.961538462,648,1,1,0.933701657,0.538461538,3,29,45.14285714,9,1.4286,1,79,1
22,2,0,10,80,173,2,8,15,0.857142857,2190,0.875,4,0.775280899,0.232804233,2,30,98.18181818,3,1.1364,0,79,0
14,2,0,30,39,71,6,25,13,0.538461538,167,1,0,0.733333333,0.222222222,2,3,10.85714286,2,1,0,80,0
22,3,0,10,55,0,1,9,21,0.55952381,460,1,1,0.6875,0.25,2,2,19.36363636,1,0.9091,0,80,0
9,2,0,12,20,0,4,10,8,0.125,212,1,1,0.789473684,0.197530864,1,7,22.44444444,7,2.4444,0,80,0
9,2,0,12,20,0,4,10,8,0.125,212,1,1,0.789473684,0.197530864,1,7,22.44444444,7,2.4444,1,80,1
5,3,0,24,32,0,1,23,4,0.25,269,1,1,0.933333333,0.333333333,1,4,52.6,5,1.8,0,80,0
5,3,0,21,24,0,2,19,4,0.25,84,1,1,0.933333333,0.314285714,1,4,15.4,1,0.8,0,80,0
5,3,0,18,28,0,1,17,4,0.25,129,1,1,0.933333333,0.333333333,1,5,24.4,5,1.8,0,80,0
5,3,0,18,24,0,2,16,4,0.25,84,1,1,0.933333333,0.314285714,1,4,15.4,1,0.8,0,80,0
5,3,0,16,28,0,2,15,4,0.25,129,1,1,0.933333333,0.333333333,1,5,24.4,5,1.8,0,80,0
11,2,4,12,20,0,6,7,11,0.2,88,1,1,0.75,0.227272727,1,7,6.909090909,3,1.3636,0,80,0
7,2,0,11,24,5,1,11,6,0.583333333,131,1,2,0.9,0.238095238,1,5,17.42857143,6,1.8571,0,80,0
7,3,0,14,25,0,2,13,6,0.5,118,1,1,0.903225806,0.285714286,1,6,15.57142857,5,1.4286,0,81,0
11,2,4,11,20,0,6,6,11,0.2,88,1,1,0.75,0.227272727,1,7,6.909090909,3,1.3636,0,81,0
7,3,0,14,25,0,1,13,6,0.5,118,1,1,0.903225806,0.285714286,1,5,15.57142857,5,1.4286,0,81,0
19,3,2,32,61,99,15,20,18,0.907407407,335,1,3,0.769230769,0.190789474,1,4,16,7,1.7368,0,81,0
7,2,0,11,24,5,1,11,6,0.583333333,131,1,2,0.9,0.238095238,1,5,17.42857143,6,1.8571,1,81,1
7,2,0,3,35,1,1,2,6,0.5,199,1,1,0.85,0.265306122,1,6,27.14285714,6,1.7143,0,81,0
8,2,0,3,36,0,1,2,7,0.5,203,1,1,0.829268293,0.25,1,6,24.125,6,1.625,1,81,1
22,2,3,6,42,143,4,2,19,0.714285714,251,1,1,0.820754717,0.217171717,1,4,10.27272727,3,1.0455,2,81,2
12,2,14,23,23,0,17,8,12,0.363636364,149,1,2,0.731707317,0.21875,1,7,11.25,5,1.5833,0,81,0
12,2,14,22,23,0,17,7,12,0.363636364,149,1,2,0.731707317,0.21875,1,7,11.25,5,1.5833,0,81,0
15,3,11,21,48,101,17,6,10,0.821428571,280,1,2,0.933333333,0.348148148,0,0,17.53333333,1,0.9333,0,81,0
15,3,11,20,48,101,16,6,10,0.821428571,280,1,2,0.933333333,0.348148148,0,0,17.53333333,1,0.9333,1,81,1
5,3,0,26,32,0,1,25,4,0.25,253,1,1,0.933333333,0.333333333,1,3,49.4,5,1.8,0,82,0
6,3,0,13,12,0,1,12,5,0.2,49,1,0,0.918032787,0.333333333,1,3,7,2,1.1667,0,82,0
6,3,0,10,12,0,1,9,5,0.2,49,1,0,0.918032787,0.333333333,1,3,7,2,1.1667,0,82,0
4,2,0,18,7,0,1,17,4,0.166666667,93,1,0,0.8,0.4,0,0,21.75,12,4,0,82,0
4,2,0,17,7,0,1,16,4,0.166666667,93,1,0,0.8,0.4,0,0,21.75,12,4,0,82,0
5,3,0,9,17,8,1,8,5,0.5,92,1,0,0.904761905,0.4,1,6,17.2,8,2.4,0,82,0
8,2,0,9,39,10,1,9,7,0.714285714,180,1,1,0.915662651,0.267857143,1,1,21,8,1.75,0,82,0
5,3,0,9,17,8,1,8,5,0.5,92,1,0,0.904761905,0.4,1,6,17.2,8,2.4,1,82,1
5,2,0,3,16,4,1,2,5,0,129,1,0,0.851851852,0.4,0,0,24.4,5,1.6,0,82,0
4,2,1,6,19,0,1,6,4,0.333333333,164,1,1,0.823529412,0.5,1,4,39.75,11,3.25,0,82,0
4,2,1,6,19,0,1,6,4,0.333333333,162,1,1,0.823529412,0.5,1,4,39.25,11,3.25,0,82,0
5,3,0,8,12,8,1,7,5,0.5,59,1,0,0.904761905,0.4,1,6,10.6,2,1,1,82,1
7,3,4,9,16,0,4,6,6,0.166666667,119,1,1,0.97029703,0.428571429,0,0,15.85714286,2,1,0,83,0
14,2,0,10,29,0,8,2,14,0.269230769,332,1,1,0.785714286,0.410714286,1,1,22.57142857,6,1.6429,0,83,0
14,2,0,10,29,0,8,2,14,0.269230769,332,1,1,0.785714286,0.410714286,1,1,22.57142857,6,1.6429,0,83,0
7,3,4,9,16,0,4,6,6,0.166666667,119,1,1,0.97029703,0.428571429,0,0,15.85714286,2,1,2,83,2
2,2,0,7,6,0,1,6,2,0,23,1,1,0.923076923,0.625,0,0,10,2,1,2,83,2
7,2,0,1,13,0,1,0,7,0.583333333,214,1,0,0.684210526,0.342857143,1,2,29.28571429,1,0.8571,0,83,0
6,2,0,4,25,13,2,2,5,0.9,104,1,1,0.871794872,0.305555556,1,1,16,2,1,0,83,0
6,2,0,4,25,13,2,2,5,0.9,104,1,1,0.871794872,0.305555556,1,1,16,2,1,0,83,0
11,2,1,10,29,53,7,3,11,0.8,125,1,0,0.714285714,0.327272727,1,5,10.27272727,4,1.4545,1,83,1
11,2,1,13,29,53,10,3,11,0.8,125,1,0,0.705882353,0.327272727,1,5,10.27272727,4,1.4545,0,83,0
5,2,0,3,13,4,2,3,5,1,61,1,3,0.904761905,0.5,1,1,10,1,0.4,1,83,1
4,3,0,68,7,0,67,1,3,0.833333333,40,1,0,0.818181818,0.555555556,0,0,8.5,3,1.5,1,83,1
13,3,0,41,36,22,37,5,12,0.416666667,307,0,0,0.865853659,0.182692308,2,22,22.53846154,11,2.3077,2,84,2
13,3,0,42,36,22,38,5,12,0.416666667,330,0,0,0.865853659,0.182692308,2,22,24.30769231,13,2.4615,1,84,1
13,3,0,22,30,16,12,12,12,0.791666667,207,0,0,0.76,0.205128205,2,9,14.61538462,3,1.3846,2,84,2
19,3,1,21,43,87,6,15,18,0.6,336,0.2,3,0.816091954,0.184210526,2,24,16.42105263,9,1.6842,1,84,1
19,3,1,21,42,83,6,15,18,0.6,332,0.2,3,0.816091954,0.184210526,2,24,16.21052632,9,1.6842,1,84,1
14,3,0,30,79,79,1,29,7,1.030769231,805,0.3,0,0.821917808,0.207142857,2,6,55.78571429,11,3.5714,0,84,0
11,3,0,21,33,15,2,19,10,0.825,168,0.5,2,0.951456311,0.191919192,2,9,13.90909091,3,1.0909,2,84,2
18,3,1,24,81,79,5,20,17,0.735294118,474,0.5,1,0.920187793,0.136752137,2,6,25.11111111,4,1.2778,2,84,2
11,3,0,22,33,15,2,20,10,0.825,168,0.5,2,0.951456311,0.191919192,2,9,13.90909091,3,1.0909,0,84,0
13,4,1,4,26,8,2,2,12,0.541666667,257,0.5,0,0.771428571,0.269230769,2,4,18.61538462,5,1.8462,1,84,1
25,3,0,6,49,0,4,3,25,0.520833333,161,0.5,1,0.890909091,0.253333333,1,1,5.36,2,1,2,84,2
25,3,0,6,49,0,4,3,25,0.520833333,161,0.5,1,0.890909091,0.253333333,1,1,5.36,2,1,0,84,0
10,3,0,20,41,0,0,20,9,0.62962963,362,0.666666667,2,0.898734177,0.26984127,2,9,34.6,8,2.4,0,85,0
10,3,0,18,41,0,0,18,9,0.62962963,362,0.666666667,2,0.898734177,0.26984127,2,9,34.6,8,2.4,0,85,0
18,2,0,28,52,91,6,23,16,0.68627451,271,0.666666667,0,0.6875,0.222222222,2,3,13.88888889,2,1,0,85,0
16,2,1,26,51,50,8,19,16,0.746666667,356,0.8,1,0.666666667,0.1875,2,10,20.9375,9,2.25,1,85,1
16,2,1,25,51,50,7,19,16,0.746666667,356,0.8,1,0.666666667,0.1875,2,9,20.9375,9,2.25,0,85,0
9,2,0,6,25,0,1,5,8,0.517857143,401,1,2,0.619047619,0.361111111,1,6,42.77777778,6,2.8889,2,85,2
9,2,0,6,25,0,1,5,8,0.607142857,369,1,2,0.555555556,0.361111111,1,6,39.22222222,6,2.6667,2,85,2
8,2,0,6,25,0,1,5,8,0.485714286,183,1,2,0.65,0.34375,1,5,21.25,6,1.625,1,85,1
10,2,0,3,21,0,0,3,10,0.62962963,99,1,1,0.590909091,0.35,1,7,8.6,2,1.1,0,85,0
9,2,0,4,24,0,0,4,9,0.625,109,1,2,0.619047619,0.288888889,1,6,10.77777778,3,1.2222,0,85,0
13,2,0,6,31,14,0,6,12,0.583333333,268,1,4,0.541666667,0.307692308,1,8,19.07692308,3,1.4615,0,85,0
11,2,0,5,26,0,0,5,8,0.666666667,272,1,3,0.565217391,0.309090909,1,7,23.18181818,4,1.6364,0,85,0
5,2,0,6,19,0,6,0,5,0,91,1,0,0.857142857,0.533333333,1,3,17,2,1.2,0,86,0
8,2,0,4,11,0,2,2,8,0.214285714,105,1,0,0.722222222,0.5,1,6,11.875,4,1.125,0,86,0
7,2,0,1,13,0,1,0,7,0,213,1,0,0.684210526,0.342857143,1,2,29.28571429,1,0.8571,0,86,0
7,2,0,1,13,0,1,0,7,0,65,1,0,0.684210526,0.342857143,1,2,8.142857143,1,0.8571,0,86,0
7,2,0,1,13,0,1,0,7,0,65,1,0,0.684210526,0.342857143,1,2,8.142857143,1,0.8571,0,86,0
7,2,0,3,19,0,0,3,7,0,64,1,1,0.684210526,0.428571429,1,5,8,1,0.8571,0,86,0
8,2,1,6,11,0,4,2,8,0.214285714,105,1,0,0.666666667,0.5,1,6,11.875,4,1.125,0,86,0
8,2,0,3,21,0,1,3,8,0,85,1,1,0.65,0.34375,1,5,9.5,2,1,0,86,0
8,2,0,2,17,0,1,1,6,0.171428571,514,1,1,0.65,0.3125,1,2,62.625,1,0.875,0,86,0
8,2,1,4,21,0,2,3,8,0.333333333,158,1,2,0.65,0.34375,1,5,18.375,3,1.5,0,86,0
10,2,0,3,23,0,0,3,10,0.5,116,1,1,0.590909091,0.35,1,8,10.4,4,1.3,0,86,0
8,2,1,4,21,0,2,3,8,0.238095238,157,1,2,0.588235294,0.34375,1,5,18.25,3,1.5,0,86,0
9,2,0,5,24,0,1,4,9,0.625,106,1,2,0.555555556,0.288888889,1,5,10.44444444,3,1.2222,0,87,0
21,3,0,2,43,0,0,2,19,0.5,498,1,0,0.5,0.220238095,1,2,22.47619048,3,1.0476,0,87,0
21,3,0,3,43,0,0,3,19,0.5,498,1,0,0.5,0.220238095,1,2,22.47619048,3,1.0476,0,87,0
8,2,0,3,21,0,1,3,8,0.428571429,105,0.5,1,0.588235294,0.34375,1,5,11.875,3,1.125,0,87,0
11,2,0,5,26,0,4,2,11,0.55,127,0.5,1,0.583333333,0.409090909,1,3,10.36363636,3,1.3636,0,87,0
11,2,0,3,26,0,2,2,11,0.55,127,0.5,1,0.583333333,0.409090909,1,3,10.36363636,3,1.3636,0,87,0
6,3,0,9,37,0,0,9,5,0.76,505,0.4,0,0.615384615,0.375,2,6,82.33333333,8,2.3333,2,87,2
7,3,0,9,43,1,0,9,6,0.7,530,0.4,0,0.571428571,0.349206349,2,6,74,8,2.1429,1,87,1
7,3,0,89,13,0,88,2,7,0.083333333,98,0,2,0.85,0.371428571,1,2,12.71428571,3,0.7143,0,87,0
13,2,0,3,36,0,1,2,13,0.083333333,369,0,1,0.5,0.230769231,0,0,27.30769231,2,1,0,87,0
13,2,0,3,36,0,1,2,13,0.083333333,369,0,1,0.5,0.230769231,0,0,27.30769231,2,1,0,87,0
3,1,0,5,9,0,0,5,3,0,32,0,1,0,0.666666667,0,0,9.333333333,1,0.6667,0,87,0
20,2,0,9,38,34,2,7,20,0.778947368,385,1,4,0.40625,0.242857143,1,7,18,11,2.55,0,88,0
12,2,0,6,31,6,0,6,11,0.602272727,245,1,4,0.5,0.319444444,1,5,18.75,3,1.3333,0,88,0
11,2,0,5,26,0,0,5,8,0.666666667,271,1,3,0.5,0.309090909,1,5,23.09090909,4,1.6364,0,88,0
9,2,0,15,33,28,0,15,7,0.625,221,1,2,0.461538462,0.325,1,1,23.22222222,8,2.2222,1,88,1
10,2,0,3,22,0,0,3,10,0.666666667,121,1,1,0.526315789,0.35,1,5,10.7,4,1.3,0,88,0
11,2,0,2,20,0,0,2,11,0.566666667,120,1,1,0.5,0.340909091,1,5,9.636363636,5,1.3636,0,88,0
7,2,0,8,11,19,4,6,6,0.833333333,39,1,1,0.444444444,0.333333333,0,0,4.428571429,1,0.7143,0,88,0
7,2,0,8,11,19,4,6,6,0.833333333,39,1,1,0.444444444,0.333333333,0,0,4.428571429,1,0.7143,1,88,1
8,2,0,14,27,20,0,14,6,0.571428571,189,1,2,0.5,0.349206349,1,1,22.25,8,2.375,1,88,1
7,2,0,15,50,11,0,15,5,0.911111111,555,0.866666667,0,0.545454545,0.351851852,0,0,76.14285714,2,1,1,88,1
8,2,0,2,14,0,0,2,8,0.666666667,152,1,1,0.588235294,0.416666667,1,5,17.25,5,1.5,0,88,0
8,2,0,4,14,0,1,3,8,0.628571429,212,1,1,0.588235294,0.416666667,1,5,24.875,12,2.375,0,88,0
5,2,0,5,12,0,1,4,4,0.4375,119,1,3,0.4,0.4,0,0,22,7,2.2,0,89,0
6,2,0,4,10,13,0,4,5,0.8,41,1,1,0.5,0.4,0,0,5.666666667,1,0.6667,0,89,0
17,2,4,8,36,30,5,3,6,0.912946429,505,1,0,0.704545455,0.25,0,0,27.05882353,3,1.2353,1,89,1
10,2,0,1,17,0,1,0,8,0.444444444,588,1,0,0.590909091,0.36,1,2,57.4,1,0.9,1,89,1
5,2,1,2,13,4,1,1,4,0.875,115,1,0,0.666666667,0.5,0,0,21.6,7,2.6,1,89,1
5,2,0,6,7,4,1,5,5,0.5,22,1,0,0.555555556,0.325,0,0,3.2,1,0.8,0,89,0
5,2,0,6,7,4,1,5,5,0.5,22,1,0,0.555555556,0.325,0,0,3.2,1,0.8,1,89,1
11,2,0,2,20,0,1,1,9,0.2,632,1,0,0.590909091,0.381818182,1,2,56.18181818,1,0.8182,0,89,0
7,2,0,14,20,0,1,13,7,0,74,1,1,0.5,0.25974026,0,0,9.428571429,1,0.7143,0,89,0
7,2,0,13,20,0,1,12,7,0,74,1,1,0.5,0.25974026,0,0,9.428571429,1,0.7143,1,89,1
4,2,0,8,6,0,1,7,4,0,37,1,0,0.8,0.45,0,0,8,3,1.25,0,89,0
4,2,0,8,6,0,1,7,4,0,37,1,0,0.8,0.45,0,0,8,3,1.25,0,89,0
4,2,0,3,8,0,1,2,3,0.333333333,62,1,1,0.5,0.583333333,0,0,14,4,1.5,0,90,0
5,2,0,8,15,0,5,3,4,0.25,72,1,1,0.4,0.466666667,0,0,13.2,3,1.2,0,90,0
2,1,0,10,14,0,2,8,2,0,104,1,0,0,0.583333333,0,0,50.5,1,0.5,0,90,0
2,1,0,10,14,0,2,8,2,0,104,1,0,0,0.583333333,0,0,50.5,1,0.5,0,90,0
3,1,0,1,9,0,1,1,2,0,67,1,1,0,0.5,0,0,20,3,1.6667,0,90,0
3,1,0,1,9,0,1,1,2,0,67,1,1,0,0.5,0,0,20,3,1.6667,0,90,0
5,1,0,1,6,0,1,0,5,0.25,32,1,0,0,0.533333333,1,1,5.2,2,0.8,0,90,0
7,1,0,29,17,0,26,3,7,0,155,1,0,0,0.464285714,0,0,21,4,1.8571,0,90,0
7,1,0,29,17,0,26,3,7,0,155,1,0,0,0.464285714,0,0,21,4,1.8571,0,90,0
5,1,0,1,6,0,1,0,5,0.25,32,1,0,0,0.533333333,1,1,5.2,2,0.8,1,90,1
7,1,0,3,19,0,3,1,6,0.25,432,1,1,0,0.464285714,0,0,60.14285714,3,1.4286,0,90,0
7,1,0,3,19,0,3,1,6,0.25,432,1,1,0,0.464285714,0,0,60.14285714,3,1.4286,1,90,1
5,1,0,1,11,0,0,1,5,0,41,1,0,0,0.36,0,0,7,1,0.8,0,91,0
13,1,0,6,16,0,6,0,12,0.361111111,160,1,0,0,0.41025641,0,0,11.07692308,2,1.2308,0,91,0
4,1,0,4,16,0,1,3,3,0.5,242,1,0,0,0.4375,0,0,58.5,6,3,0,91,0
4,1,0,4,16,0,1,3,3,0.5,242,1,0,0,0.4375,0,0,58.5,6,3,0,91,0
5,1,0,5,15,4,1,5,5,0.25,77,1,0,0,0.4,0,0,14.2,2,0.8,1,91,1
7,1,0,4,20,0,2,2,7,0.166666667,119,1,0,0,0.342857143,0,0,15.71428571,2,0.7143,0,91,0
10,1,0,1,14,0,0,1,10,0.472222222,180,1,1,0,0.4,0,0,16.6,3,1.6,0,91,0
7,1,0,4,20,0,2,2,7,0.166666667,119,1,0,0,0.342857143,0,0,15.71428571,2,0.7143,1,91,1
4,1,0,4,40,0,0,4,3,0.333333333,240,1,0,0,0.333333333,0,0,58,12,3.75,0,91,0
4,1,0,4,40,0,0,4,3,0.333333333,240,1,0,0,0.333333333,0,0,58,12,3.75,0,91,0
5,1,0,0,18,4,0,0,3,0.625,157,1,0,0,0.25,0,0,30,6,1.8,0,91,0
5,1,0,0,18,4,0,0,3,0.625,157,1,0,0,0.25,0,0,30,6,1.8,1,91,1
9,1,0,8,12,0,8,0,7,0.40625,117,1,0,0,0.5,1,2,11.55555556,4,1.1111,0,92,0
11,1,0,8,15,0,8,0,11,0.425,234,1,0,0,0.515151515,0,0,19.90909091,4,1.7273,0,92,0
5,1,0,1,9,0,1,0,5,0.5,41,1,0,0,0.466666667,0,0,6.8,1,0.8,1,92,1
5,1,0,1,9,0,1,0,5,0.5,41,1,0,0,0.466666667,0,0,6.8,1,0.8,0,92,0
12,1,0,5,23,54,0,5,12,0.454545455,139,1,1,0,0.533333333,0,0,10.5,1,0.8333,0,92,0
3,1,0,0,9,1,0,0,2,0.5,44,1,0,0,0.5,0,0,12.66666667,2,0.6667,0,92,0
3,1,0,0,9,1,0,0,2,0.5,44,1,0,0,0.5,0,0,12.66666667,2,0.6667,0,92,0
9,1,0,7,29,12,5,2,8,0.625,453,1,0,0,0.416666667,0,0,49,7,2.5556,0,92,0
6,1,0,1,11,0,1,0,6,0.65,57,1,0,0,0.444444444,0,0,7.833333333,1,0.8333,0,92,0
6,1,0,1,11,0,1,0,6,0.65,57,1,0,0,0.444444444,0,0,7.833333333,1,0.8333,0,92,0
6,1,0,1,16,0,0,1,5,0.733333333,88,1,0,0,0.333333333,0,0,13.16666667,1,0.6667,0,92,0
4,1,0,2,5,0,2,0,4,0.666666667,28,1,0,0,0.5,0,0,5.25,1,0.75,0,92,0
4,1,0,2,5,0,2,0,4,0.666666667,28,1,0,0,0.5,0,0,5.25,1,0.75,0,93,0
10,1,0,0,15,37,0,0,10,0.777777778,64,1,0,0,0.375,0,0,5,1,0.8,0,93,0
10,1,0,0,15,37,0,0,10,0.777777778,64,1,0,0,0.375,0,0,5,1,0.8,0,93,0
11,1,0,2,18,19,0,2,9,0.75,138,1,0,0,0.424242424,0,0,11,3,1.2727,0,93,0
7,1,1,2,14,19,2,1,5,0.833333333,76,1,0,0,0.375,0,0,9.714285714,2,0.8571,0,93,0
5,1,0,7,14,4,1,6,3,0.75,127,1,2,0,0.416666667,0,0,22.8,1,0.6,0,93,0
3,1,0,7,14,3,4,3,2,1,69,1,0,0,0.5,0,0,21.66666667,4,1.3333,0,93,0
7,1,0,1,8,21,0,1,7,1,30,1,1,0,0.5,0,0,3,1,0.8571,0,93,0
7,1,0,1,8,21,0,1,7,1,30,1,1,0,0.5,0,0,3,1,0.8571,0,93,0
2,1,0,6,24,1,4,4,2,1,118,1,2,0,0.583333333,0,0,57,1,0.5,0,93,0
7,1,1,5,10,13,3,2,2,0.861111111,99,0.75,2,0,0.571428571,0,0,11.42857143,1,0.8571,0,93,0
7,1,0,2,10,13,0,2,2,0.861111111,99,0.75,2,0,0.571428571,0,0,11.42857143,1,0.8571,0,93,0
2,1,0,1,7,0,0,1,2,0,35,1,2,0,0.666666667,0,0,15.5,2,1,0,94,0
2,1,0,1,7,0,0,1,2,0,35,1,2,0,0.666666667,0,0,15.5,2,1,0,94,0
2,1,0,7,16,0,1,6,1,0.333333333,137,1,2,0,0.583333333,0,0,66,1,0.5,1,94,1
11,1,0,8,15,0,8,0,11,0.425,234,1,0,0,0.515151515,0,0,19.90909091,4,1.7273,1,94,1
2,1,0,9,10,0,2,7,2,0.4,110,1,4,0,0.625,0,0,51.5,9,4.5,0,94,0
12,1,0,5,23,54,0,5,12,0.454545455,139,1,1,0,0.533333333,0,0,10.5,1,0.8333,0,94,0
4,1,0,4,13,0,2,2,4,0.166666667,76,1,1,0,0.75,0,0,17.5,2,1,0,94,0
4,1,0,4,13,0,2,2,4,0.166666667,76,1,1,0,0.75,0,0,17.5,2,1,1,94,1
9,1,0,11,19,0,7,4,9,0.5,106,1,1,0,0.555555556,0,0,10.55555556,3,1.1111,0,94,0
9,1,0,11,19,0,7,4,9,0.5,101,1,1,0,0.555555556,0,0,10,2,1,0,94,0
18,1,0,0,20,3,0,0,10,0.329411765,833,1,0,0,0.685185185,0,0,45,8,3.1111,0,94,0
3,1,0,3,11,0,2,1,3,0.5,64,1,0,0,0.555555556,0,0,19.66666667,1,0.6667,0,94,0
3,1,0,3,11,0,2,1,3,0.5,64,1,0,0,0.555555556,0,0,19.66666667,1,0.6667,1,95,1
11,1,0,1,15,0,1,0,11,0.45,286,1,0,0,0.606060606,0,0,24.63636364,4,2.1818,1,95,1
11,1,0,1,15,0,1,0,11,0.45,286,1,0,0,0.606060606,0,0,24.63636364,4,2.1818,0,95,0
8,1,0,2,12,0,2,0,8,0.523809524,217,0.833333333,0,0,0.583333333,0,0,25.375,4,1.875,0,95,0
8,1,0,2,12,0,2,0,8,0.523809524,217,0.833333333,0,0,0.583333333,0,0,25.375,4,1.875,1,95,1
18,1,0,13,20,3,13,0,11,0.294117647,860,1,0,0,0.916666667,0,0,46.38888889,8,3.1111,0,95,0
5,1,0,1,6,0,1,0,5,0.5,30,1,0,0,0.8,0,0,4.6,1,0.8,0,95,0
5,1,0,1,6,0,1,0,5,0.5,30,1,0,0,0.8,0,0,4.6,1,0.8,1,95,1
18,1,1,4,20,0,4,0,18,0.382352941,458,1,0,0,0.916666667,0,0,24.22222222,4,1.8889,1,95,1
4,1,0,2,6,0,2,0,4,0.416666667,87,1,0,0,1,0,0,19.75,2,1,1,95,1
2,1,0,0,4,1,0,0,2,1,47,1,0,0,1,0,0,18,1,0.5,0,95,0
2,1,0,0,4,1,0,0,2,1,47,1,0,0,1,0,0,18,1,0.5,0,95,0
7,1,0,8,109,21,0,8,2,2,2034,0,0,0,0.2,0,0,289.5714286,138,20.4286,2,96,2
4,1,0,8,96,6,0,8,2,2,1490,0,0,0,0.25,0,0,371.5,86,22,1,96,1
23,1,0,2,26,181,2,0,22,0.97979798,3198,0,0,0,0.25,0,0,137.6521739,17,3.913,1,96,1
23,1,0,2,26,181,2,0,22,0.97979798,3198,0,0,0,0.25,0,0,137.6521739,17,3.913,0,96,0
22,1,0,1,78,219,1,0,5,0.972789116,2461,0.142857143,0,0,0.227513228,0,0,110.2272727,8,3.4091,1,96,1
22,1,0,1,77,219,1,0,5,0.972789116,2261,0.142857143,0,0,0.227513228,0,0,101.1363636,8,3.4091,0,96,0
13,1,0,11,70,66,2,9,6,0.952898551,1997,0.043478261,7,0,0.266666667,0,0,150.8461538,14,3.2308,1,96,1
13,1,0,11,70,66,2,9,6,0.952898551,2002,0.043478261,7,0,0.266666667,0,0,151.2307692,14,3.2308,0,96,0
43,1,0,14,93,783,4,10,1,0.962585034,1969,0.166666667,2,0,0.328042328,0,0,43.81395349,19,1.5349,2,96,2
43,1,0,13,91,783,4,9,1,0.962585034,1954,0.166666667,2,0,0.328042328,0,0,43.46511628,19,1.5349,1,96,1
28,1,0,20,42,0,19,1,21,0.62962963,1676,0.0625,1,0,0.242798354,0,0,58.28571429,11,3,1,96,1
29,1,0,24,44,0,23,1,21,0.640625,1655,0.0625,1,0,0.242063492,0,0,55.51724138,11,3,0,97,0
11,1,0,6,43,23,4,2,8,0.925,419,0.375,1,0,0.3,0,0,36.36363636,10,3.1818,1,97,1
45,1,0,3,83,990,0,3,37,1.022727273,1528,0,0,0,0.172222222,0,0,32.75555556,10,1.6,2,97,2
43,1,0,4,74,903,0,4,36,1.023809524,1326,0,0,0,0.168604651,0,0,29.65116279,5,1.2791,3,97,3
7,1,0,18,53,9,1,17,7,0.722222222,609,0,0,0,0.333333333,0,0,85.14285714,10,2.4286,1,97,1
7,1,0,18,47,9,1,17,7,0.722222222,593,0,0,0,0.333333333,0,0,82.85714286,10,2.4286,1,97,1
6,2,0,27,47,3,5,25,2,0.7875,2717,0.03125,0,0.848484848,0.444444444,1,1,446.5,38,7,1,97,1
6,2,0,27,47,3,5,25,2,0.7875,2654,0.03125,0,0.848484848,0.444444444,1,2,436,36,6.6667,2,97,2
12,1,0,15,62,66,2,13,9,0.909090909,477,0,0,0,0.25,0,0,38.58333333,5,2,1,97,1
38,3,0,27,128,607,1,27,6,0.9,1849,0,2,0.357142857,0.194594595,0,0,47.39473684,15,3.7632,0,97,0
38,3,0,29,122,607,1,29,6,0.9,1852,0,2,0.357142857,0.194594595,0,0,47.47368421,15,3.7632,0,97,0
27,3,0,45,56,351,14,36,26,2,504,0,0,0.573770492,0.202020202,1,3,17.66666667,8,1.7778,0,97,0
5,1,1,5,17,8,4,1,5,0.75,107,0,0,0,0.6,0,0,20.2,12,3,2,98,2
3,1,0,7,15,3,4,3,3,1,183,0,3,0,0.388888889,0,0,58.66666667,5,3.3333,1,98,1
3,1,0,7,15,3,4,3,3,1,183,0,3,0,0.388888889,0,0,58.66666667,5,3.3333,0,98,0
5,1,0,7,14,0,3,4,4,1.211538462,391,0.051282051,1,0,0.375,0,0,69.4,2,0.8,0,98,0
5,1,0,7,14,0,3,4,4,1.211538462,391,0.051282051,1,0,0.375,0,0,69.4,2,0.8,0,98,0
16,1,0,52,31,0,52,2,12,1.024836601,470,0.049019608,0,0,0.411111111,0,0,22,3,0.6875,2,98,2
8,1,0,15,31,28,13,2,6,2,287,0,0,0,0.5,0,0,34.875,7,3.5,3,98,3
5,1,0,6,27,10,2,4,5,2,149,0,0,0,0.3,0,0,28.8,1,0.8,3,98,3
7,1,0,12,37,21,5,7,7,2,250,0,0,0,0.404761905,0,0,34.71428571,4,1.2857,1,98,1
5,1,0,7,10,10,7,0,5,2,85,0,0,0,0.2,0,0,16,5,3,1,98,1
14,1,0,4,14,91,4,0,14,2,14,0,0,0,0.273809524,0,0,0,1,1,1,98,1
9,1,0,1,15,36,0,1,9,2,69,0,0,0,0.111111111,0,0,6.666666667,2,1,1,98,1
4,1,0,69,4,6,69,0,4,2,4,0,0,0,0.583333333,0,0,0,1,1,1,99,1
24,1,1,4,25,276,1,3,24,2,52,0,0,0,0.298611111,0,0,1.166666667,1,0.9583,0,99,0
9,1,0,1,15,36,0,1,9,2,69,0,0,0,0.111111111,0,0,6.666666667,2,1,0,99,0
0,1,0,6,0,0,5,1,0,2,203,0,0,0,0,0,0,0,0,0,1,99,1
22,1,0,22,22,231,20,2,22,2,22,0,0,0,0.303030303,0,0,0,1,1,0,99,0
9,1,0,47,9,36,41,6,9,2,9,0,0,0,0.238095238,0,0,0,1,1,0,99,0
13,1,5,42,14,78,40,13,13,2,40,0,0,0,0.203296703,0,0,2.076923077,1,0.9231,0,99,0
13,1,5,43,14,78,40,13,13,2,40,0,0,0,0.203296703,0,0,2.076923077,1,0.9231,0,99,0
34,1,0,15,34,561,3,13,34,2,34,0,0,0,0.119485294,0,0,0,1,1,0,99,0
34,1,0,15,34,561,3,13,34,2,34,0,0,0,0.119485294,0,0,0,1,1,0,99,0
37,1,0,41,37,666,41,0,37,2,37,0,0,0,0.191891892,1,1,0,1,1,0,99,0
37,1,0,47,37,666,47,0,37,2,37,0,0,0,0.191891892,1,1,0,1,1,0,99,0
14,3,0,33,79,89,1,32,7,1.030769231,805,0.3,0,0.821917808,0.207142857,2,5,55.78571429,11,3.5714,0,100,0
27,3,0,48,58,351,8,42,26,2,393,0,0,0.573770492,0.202020202,1,3,13.55555556,8,1.6296,0,100,0
21,2,0,44,49,210,15,32,19,2,450,0,0,0.622641509,0.238095238,2,4,20.42857143,7,1.4762,1,100,1
19,2,0,41,47,151,18,27,17,1,286,0,0,0.647058824,0.247368421,2,4,14,4,1.3158,0,100,0
18,2,0,44,42,153,18,30,17,2,268,0,0,0.66,0.283950617,2,4,13.88888889,4,1.2778,0,100,0
20,2,0,41,44,190,18,30,19,2,353,0,0,0.634615385,0.230769231,2,4,16.65,8,1.45,1,100,1
21,2,0,41,49,190,15,29,19,2,516,0,0,0.622641509,0.238095238,2,4,23.57142857,7,1.619,0,100,0
20,2,0,41,46,184,19,29,19,2,448,0,0,0.634615385,0.230769231,2,4,21.4,8,1.75,0,100,0
28,3,0,42,61,370,13,34,26,1,533,0,0,0.564516129,0.181547619,1,3,18,10,1.8214,0,100,0
21,2,0,49,56,208,17,36,19,0.95,317,0,0,0.622641509,0.216450216,1,2,14.04761905,4,1.4762,0,100,0
20,2,0,52,51,190,17,39,19,2,288,0,0,0.634615385,0.245,1,2,13.4,4,1.4,0,100,0
24,3,0,22,99,190,10,14,20,0.936454849,912,0.307692308,0,0.476190476,0.202898551,1,2,36.45833333,17,1.5833,0,100,0
20,2,0,13,49,0,2,11,18,0.447368421,186,0,2,0.540540541,0.258333333,1,1,8.2,2,0.9,0,101,0
20,2,0,12,48,0,2,10,18,0.447368421,184,0,2,0.540540541,0.258333333,1,1,8.1,2,0.9,0,101,0
33,1,0,3,73,0,1,3,33,0.75,469,0,2,0,0.158508159,1,1,13.03030303,6,1.303,0,101,0
46,1,0,3,53,1009,2,1,45,0.966666667,245,0,0,0,0.190217391,0,0,4.195652174,1,0.9783,0,101,0
46,1,0,3,53,1009,2,1,45,0.966666667,245,0,0,0,0.190217391,0,0,4.195652174,1,0.9783,0,101,0
37,1,0,27,37,666,24,4,37,1.027777778,51,0,0,0,0.27027027,0,0,0,1,1,0,101,0
43,1,0,36,43,903,32,5,43,1.023809524,51,0,0,0,0.261627907,0,0,0,1,1,0,101,0
18,1,0,44,38,151,43,1,17,0.941176471,274,0,0,0,0.235294118,0,0,14.16666667,5,1.6667,1,101,1
18,1,0,44,38,151,43,1,17,0.941176471,258,0,0,0,0.235294118,0,0,13.27777778,5,1.5556,1,101,1
25,1,0,53,25,300,52,2,25,1.041666667,28,0,0,0,0.34,0,0,0,1,1,0,101,0
25,1,0,53,25,300,52,2,25,1.041666667,28,0,0,0,0.34,0,0,0,1,1,0,101,0
10,1,0,53,10,45,53,0,10,1.111111111,11,0,0,0,0.4,0,0,0,1,1,0,101,0
33,1,0,3,73,0,1,3,33,0.75,469,0,2,0,0.158508159,1,1,13.03030303,6,1.303,1,102,1
39,1,0,1,56,469,1,0,39,0.578947368,198,0,0,0,0.256410256,0,0,4.051282051,1,0.9744,1,102,1
22,1,1,5,38,67,2,3,21,0.873015873,384,0.166666667,2,0,0.327272727,0,0,16.18181818,8,1.5455,0,102,0
14,1,0,9,51,27,1,8,10,0.596153846,749,0.05,0,0,0.162393162,0,0,51.07142857,9,1.5,0,102,0
14,1,0,9,51,27,1,8,10,0.596153846,755,0.05,0,0,0.162393162,0,0,51.5,9,1.5,0,102,0
19,1,0,6,42,57,2,4,19,0.666666667,154,0,1,0,0.278195489,0,0,7,1,0.9474,0,102,0
21,1,1,12,29,76,11,1,20,0.858333333,409,0.166666667,0,0,0.404761905,0,0,18.19047619,8,1.6667,1,102,1
13,1,1,13,35,58,10,3,13,0.666666667,260,0,0,0,0.307692308,0,0,18.92307692,11,2,1,102,1
13,1,1,13,36,58,10,3,13,0.666666667,260,0,0,0,0.307692308,0,0,18.92307692,11,2,0,102,0
18,1,0,51,33,3,51,2,15,1.015345269,485,0.086956522,0,0,0.411764706,0,0,20.83333333,3,0.7222,0,102,0
13,1,0,2,27,0,1,1,13,0.694444444,168,0,1,0,0.4,0,0,11.69230769,6,1.6923,1,102,1
13,1,0,2,27,0,1,1,13,0.694444444,168,0,1,0,0.4,0,0,11.69230769,6,1.6923,0,102,0
10,1,0,15,24,0,13,3,9,0.970760234,247,0.210526316,3,0,0.475,0,0,21.8,4,1.5,1,103,1
9,1,0,3,16,24,2,2,9,0.708333333,143,0,1,0,0.4,0,0,14.55555556,3,1.5556,1,103,1
10,1,0,8,21,0,1,8,10,0.711111111,205,0,5,0,0.4,0,0,18.5,3,1.7,0,103,0
9,1,0,3,16,24,2,2,8,0.708333333,143,0,1,0,0.4,0,0,14.55555556,3,1.5556,0,103,0
5,1,2,6,24,0,5,1,5,0.6,419,0,1,0,0.35,0,0,81.8,8,3.4,0,103,0
6,1,2,6,25,3,5,1,6,0.56,424,0,1,0,0.375,0,0,68.83333333,8,2.8333,0,103,0
3,1,0,5,8,0,1,4,0,0.833333333,84,0,2,0,0.466666667,0,0,25,4,2,1,103,1
3,1,0,5,8,0,1,4,0,0.833333333,84,0,2,0,0.466666667,0,0,25,4,2,0,103,0
7,1,0,7,18,0,3,6,5,0.5,155,0,1,0,0.458333333,0,0,20.85714286,4,1.4286,1,103,1
7,1,0,8,19,0,3,7,5,0.5,157,0,1,0,0.458333333,0,0,21.14285714,4,1.4286,0,103,0
4,1,0,9,28,2,2,8,2,0.333333333,475,0,1,0,0.583333333,0,0,117.25,1,0.75,2,103,2
4,1,0,9,28,2,2,8,2,0.333333333,475,0,1,0,0.583333333,0,0,117.25,1,0.75,0,103,0
12,1,0,78,12,66,78,0,12,1.090909091,13,0,0,0,0.416666667,0,0,0,1,1,0,104,0
17,1,0,62,64,78,47,15,17,0.96875,462,0.2,1,0,0.219607843,0,0,25.58823529,2,0.9412,1,104,1
17,1,0,60,64,78,44,16,17,0.96875,462,0.2,1,0,0.211764706,0,0,25.58823529,2,0.9412,0,104,0
6,1,0,3,16,0,1,2,5,0.3,69,0,0,0,0.6,0,0,10.16666667,3,1.3333,1,104,1
22,1,6,15,42,0,9,6,19,0.238095238,140,0,1,0,0.265151515,0,0,5.318181818,1,0.9091,0,104,0
22,1,6,16,43,0,9,7,19,0.238095238,152,0,1,0,0.265151515,0,0,5.863636364,1,0.9091,0,104,0
19,1,2,53,24,157,44,10,17,0.99382716,94,0.444444444,1,0,0.157407407,0,0,3.473684211,1,0.8947,0,104,0
5,1,0,3,9,0,2,1,4,0.25,27,0,1,0,0.3,0,0,4.2,1,0.6,0,104,0
13,1,0,23,25,2,21,2,10,0.949275362,383,0.391304348,4,0,0.555555556,0,0,26.69230769,9,2,1,104,1
21,1,2,43,49,196,36,8,17,0.975,299,0.4,1,0,0.15,0,0,12.76190476,10,1.3333,1,104,1
22,1,0,27,42,0,20,9,21,0.682539683,476,0.333333333,2,0,0.365079365,0,0,20.36363636,3,1,0,104,0
22,1,0,25,42,0,18,9,21,0.682539683,476,0.333333333,2,0,0.365079365,0,0,20.36363636,3,1,2,104,2
6,1,0,5,39,3,3,2,3,0.86,292,0.4,1,0,0.666666667,0,0,46,1,0.6667,0,105,0
8,1,0,7,51,14,3,4,4,0.80952381,419,0.333333333,1,0,0.619047619,0,0,50.25,6,1.375,2,105,2
4,1,0,3,11,4,1,3,0,1.095238095,360,0.428571429,3,0,0.428571429,0,0,87.25,7,3.5,0,105,0
4,1,0,3,11,4,1,3,0,1.095238095,357,0.428571429,3,0,0.428571429,0,0,86.5,7,3.5,1,105,1
11,1,0,7,51,31,5,2,8,0.927272727,489,0.454545455,1,0,0.3,0,0,42.45454545,15,3.4545,0,105,0
5,1,0,6,13,4,4,2,3,0.75,44,0.5,1,0,0.25,0,0,7.4,1,0.6,0,105,0
13,1,0,8,45,42,4,5,13,0.625,345,0.5,0,0,0.340659341,0,0,25.38461538,5,1.8462,0,105,0
13,1,0,8,46,42,4,5,13,0.625,339,0.5,0,0,0.340659341,0,0,24.92307692,5,1.8462,0,105,0
5,1,0,7,13,4,5,2,3,0.75,44,0.5,1,0,0.25,0,0,7.4,1,0.6,1,105,1
7,1,0,6,31,15,1,6,4,0.833333333,189,0.5,0,0,0.233333333,0,0,25.71428571,2,0.8571,0,105,0
7,1,0,5,33,15,1,5,4,0.833333333,189,0.5,0,0,0.233333333,0,0,25.71428571,2,0.8571,1,105,1
13,1,0,11,54,76,1,10,9,0.875,371,0.5,1,0,0.208333333,0,0,27.23076923,5,1.9231,1,105,1
30,1,0,4,62,223,2,2,28,0.634482759,460,0.6,0,0,0.2,0,0,14.16666667,5,1.0667,0,106,0
8,1,0,9,47,14,6,5,2,0.983516484,460,0.615384615,0,0,0.25,0,0,53.25,10,2.375,0,106,0
14,1,0,15,36,39,3,12,14,0.826923077,343,0.75,0,0,0.196428571,0,0,22.64285714,2,1.0714,0,106,0
13,1,0,12,32,34,3,9,13,0.826388889,289,0.75,0,0,0.201923077,0,0,20.30769231,2,1.0769,0,106,0
10,1,0,6,30,3,1,6,0,0.611111111,807,0.5,3,0,0.3125,0,0,79.1,11,2.8,0,106,0
7,1,0,9,25,0,2,7,7,0.5,199,0.5,1,0,0.357142857,0,0,27.14285714,1,0.8571,1,106,1
10,1,0,5,25,3,1,5,0,0.611111111,815,0.5,3,0,0.3125,0,0,79.9,11,2.8,1,106,1
15,1,0,7,25,49,2,5,12,0.833333333,139,0.833333333,3,0,0.208333333,0,0,7.866666667,6,1.2667,0,106,0
6,1,0,8,21,0,2,6,6,0.5,146,0.5,1,0,0.380952381,0,0,23,1,0.8333,1,106,1
37,1,1,8,57,440,6,4,0,0.793209877,812,0.722222222,3,0,0.289189189,0,0,20.45945946,15,2.2162,0,106,0
12,1,0,1,26,0,1,0,0,0.681818182,365,0.5,2,0,0.409090909,0,0,28.58333333,10,2.5,0,106,0
12,1,0,1,26,0,1,0,0,0.681818182,365,0.5,2,0,0.409090909,0,0,28.58333333,10,2.5,0,106,0
37,1,1,8,57,440,6,4,0,0.793209877,804,0.722222222,3,0,0.289189189,0,0,20.24324324,15,2.2162,1,107,1
7,1,0,3,35,11,1,2,0,0.611111111,395,0.666666667,0,0,0.333333333,0,0,55,2,0.8571,0,107,0
11,1,0,4,18,5,2,2,8,0.714285714,248,0.714285714,2,0,0.366666667,0,0,20.27272727,5,1.2727,0,107,0
17,1,0,4,24,0,4,0,16,0.653409091,621,0.818181818,0,0,0.291666667,0,0,34.88235294,10,2.2353,0,107,0
17,1,0,2,24,0,2,0,16,0.6875,622,0.833333333,0,0,0.291666667,0,0,34.88235294,10,2.2353,0,107,0
7,1,0,12,45,1,0,12,4,0.75,499,0.5,0,0,0.571428571,0,0,69.71428571,7,1.7143,0,107,0
7,1,0,11,45,1,0,11,4,0.75,499,0.5,0,0,0.571428571,0,0,69.71428571,7,1.7143,0,107,0
11,1,0,7,25,3,2,6,8,0.733333333,303,0.777777778,3,0,0.328571429,0,0,24.90909091,5,1.2727,2,107,2
10,1,1,6,41,0,3,3,7,0.333333333,437,0.666666667,1,0,0.475,0,0,42.4,1,0.8,0,107,0
10,1,1,6,41,0,3,3,7,0.333333333,437,0.666666667,1,0,0.475,0,0,42.4,1,0.8,1,107,1
10,1,0,12,59,0,7,5,7,0.305555556,596,0.75,1,0,0.44,0,0,58.2,1,0.7,0,107,0
18,1,0,0,20,3,0,0,10,0.329411765,830,1,0,0,0.685185185,0,0,44.83333333,8,3.1111,1,107,1
20,1,0,15,22,8,15,0,13,0.552631579,901,1,0,0,0.875,0,0,43.55,8,2.95,1,108,1
13,1,0,9,16,0,9,0,12,0.361111111,160,1,0,0,0.41025641,0,0,11.07692308,2,1.2308,1,108,1
5,1,0,8,17,0,6,2,4,0.4375,115,1,2,0,0.45,0,0,21.2,4,1.6,2,108,2
9,1,0,12,32,0,12,0,8,0.6875,276,1,0,0,0.555555556,0,0,29,5,2.1111,1,108,1
19,1,0,4,25,0,4,0,18,0.513888889,256,1,0,0,0.394736842,0,0,12.26315789,3,1.2105,1,108,1
15,1,0,22,26,1,21,2,14,0.553571429,483,1,1,0,0.383333333,0,0,30.93333333,6,2.4667,0,108,0
10,1,0,1,14,0,0,1,10,0.472222222,180,1,1,0,0.4,0,0,16.6,3,1.6,1,108,1
15,1,0,13,26,1,12,2,14,0.553571429,477,1,1,0,0.383333333,0,0,30.53333333,6,2.4667,0,108,0
10,1,0,5,33,0,1,4,8,0.472222222,182,1,2,0,0.4,0,0,16.8,2,0.9,0,108,0
9,1,0,7,29,12,5,2,8,0.625,581,1,0,0,0.416666667,0,0,63.22222222,7,2.5556,1,108,1
16,1,1,24,23,92,22,2,14,0.888888889,133,1,0,0,0.5625,0,0,6.9375,3,1.125,0,108,0
5,1,0,5,33,0,3,4,5,0.65,328,1,2,0,0.466666667,0,0,63.6,3,1.6,0,108,0
16,1,0,4,38,58,3,1,16,0.741666667,261,1,1,0,0.453125,0,0,14.8125,3,1.3125,0,109,0
5,1,0,6,36,0,3,5,5,0.65,330,1,2,0,0.466666667,0,0,64,3,1.6,0,109,0
17,1,0,3,39,62,2,1,16,0.7578125,276,1,1,0,0.441176471,0,0,14.76470588,4,1.4706,0,109,0
5,1,0,10,15,2,1,9,4,0.5,68,1,1,0,0.342857143,0,0,12.2,1,0.8,1,109,1
8,1,0,7,54,6,1,7,3,0.660714286,399,1,0,0,0.339285714,0,0,47.875,7,2.375,0,109,0
5,1,0,7,14,4,2,6,4,0.75,126,1,2,0,0.416666667,0,0,22.6,1,0.6,1,109,1
10,1,0,7,52,17,1,7,4,0.654320988,402,1,1,0,0.2875,0,0,38.3,7,2,1,109,1
3,1,0,10,15,3,6,4,2,1,97,1,0,0,0.5,0,0,31,5,1.6667,1,109,1
8,1,0,12,67,8,0,12,4,0.74025974,683,1,1,0,0.30952381,0,0,83,18,4.5,0,109,0
3,1,0,4,9,1,4,0,2,1.456896552,583,0.896551724,0,0,0.5,0,0,174,3,1,0,109,0
3,1,0,4,9,1,4,0,2,1.456896552,583,0.896551724,0,0,0.5,0,0,174,3,1,1,109,1
3,1,0,15,49,3,0,15,3,1.5,329,1,0,0,0.533333333,0,0,108.3333333,1,0.6667,1,109,1
3,1,0,1,15,3,0,1,3,1.5,124,1,0,0,0.333333333,0,0,40,6,2.6667,0,110,0
3,1,0,1,15,3,0,1,3,1.5,124,1,0,0,0.333333333,0,0,40,6,2.6667,0,110,0
20,2,0,2,48,188,0,2,19,0.947368421,312,1,0,0.1,0.25,0,0,14.25,10,2.15,1,110,1
13,1,0,11,41,38,8,4,12,0.944444444,265,1,2,0,0.269230769,0,0,18.92307692,9,1.6923,0,110,0
15,1,0,8,25,49,2,6,12,0.833333333,139,0.833333333,3,0,0.208333333,0,0,7.866666667,6,1.2667,0,110,0
10,1,0,12,71,17,0,12,6,0.788888889,665,1,1,0,0.277777778,0,0,64.5,15,3.4,0,110,0
15,1,0,4,40,35,1,3,12,0.773809524,573,1,1,0,0.255555556,0,0,36.8,5,1.4667,1,110,1
20,1,0,4,53,70,1,3,16,0.795321637,451,0.888888889,0,0,0.214285714,0,0,21.1,3,1.25,1,110,1
21,1,0,2,52,126,1,1,21,0.7625,322,1,0,0,0.265306122,0,0,14.14285714,7,1.381,0,110,0
17,1,0,4,52,50,0,4,16,0.65625,569,1,0,0,0.196078431,0,0,32.23529412,14,1.8824,0,110,0
17,1,0,4,54,50,0,4,16,0.65625,569,1,0,0,0.196078431,0,0,32.23529412,14,1.8824,1,110,1
11,1,0,13,45,0,1,13,9,0.633333333,360,1,2,0,0.222222222,0,0,31.18181818,11,2.4545,0,110,0
15,1,0,3,21,0,1,2,15,0.628571429,158,1,2,0,0.311111111,0,0,9.2,2,0.8667,0,111,0
21,1,0,4,41,0,3,2,21,0.59,357,1,0,0,0.261904762,0,0,15.76190476,4,1.619,0,111,0
21,1,0,4,41,0,3,2,21,0.59,357,1,0,0,0.261904762,0,0,15.76190476,4,1.619,0,111,0
17,1,0,3,33,0,3,0,17,0.4875,305,1,0,0,0.264705882,0,0,16.64705882,4,1.2941,0,111,0
17,1,0,3,33,0,3,0,17,0.4875,305,1,0,0,0.264705882,0,0,16.64705882,4,1.2941,0,111,0
9,1,3,12,18,34,7,5,6,0.95,92,0.8,0,0,0.319444444,0,0,8.666666667,1,0.7778,1,111,1
15,1,3,8,39,91,4,4,7,0.811688312,833,0.818181818,3,0,0.267857143,0,0,53.06666667,14,3.6,0,111,0
8,1,3,13,17,26,9,4,5,0.942857143,91,0.8,0,0,0.339285714,0,0,9.75,1,0.75,1,111,1
15,1,3,9,39,91,5,4,7,0.811688312,824,0.818181818,3,0,0.267857143,0,0,52.46666667,14,3.4667,0,111,0
8,1,1,33,22,18,33,0,6,0.828571429,183,1,0,0,0.314285714,0,0,21.25,7,1.875,1,111,1
14,1,19,21,21,59,19,2,12,0.807692308,163,1,0,0,0.404761905,0,0,10.21428571,5,1.4286,1,111,1
14,1,28,40,22,55,38,2,12,0.807692308,140,1,0,0,0.404761905,0,0,8.571428571,3,1.2143,0,111,0
